0 0.233594 0.512695 0.012500 0.005859
0 0.170703 0.516113 0.014844 0.006836
0 0.196875 0.512695 0.012500 0.005859
1 0.340625 0.510742 0.062500 0.027344
0 0.404297 0.503906 0.032031 0.015625
0 0.950781 0.479980 0.034375 0.012695
0 0.386328 0.500977 0.010156 0.003906
0 0.976562 0.479980 0.031250 0.010742
0 0.272656 0.514648 0.118750 0.056641
0 0.418359 0.499512 0.010156 0.004883
0 0.372266 0.508301 0.011719 0.010742
0 0.369922 0.501465 0.010156 0.004883
0 0.340234 0.506836 0.011719 0.007812
0 0.285156 0.511719 0.021875 0.009766
0 0.346094 0.503906 0.010937 0.003906
1 0.808203 0.482422 0.035156 0.013672
0 0.357422 0.506348 0.010156 0.006836
0 0.297266 0.511230 0.017969 0.008789
0 0.385156 0.502441 0.010937 0.004883
0 0.386719 0.504883 0.035937 0.015625
0 0.128125 0.518555 0.018750 0.007812
0 0.274219 0.508789 0.010937 0.005859
0 0.203906 0.512207 0.012500 0.006836
0 0.158984 0.517090 0.017969 0.008789
0 0.282422 0.510742 0.011719 0.007812
0 0.180078 0.515137 0.013281 0.006836
0 0.298047 0.510254 0.014844 0.008789
1 0.206641 0.512695 0.028906 0.011719
0 0.212109 0.513184 0.013281 0.006836
0 0.525781 0.498047 0.028125 0.013672
0 0.394922 0.506348 0.042969 0.018555
1 0.915234 0.479980 0.038281 0.014648
0 0.374219 0.508789 0.014063 0.009766
0 0.941016 0.480957 0.030469 0.010742
0 0.368750 0.505859 0.010937 0.007812
0 0.364844 0.503418 0.010937 0.004883
0 0.346484 0.512695 0.017969 0.011719
0 0.225781 0.512695 0.012500 0.005859
0 0.354687 0.509766 0.060937 0.031250
0 0.400391 0.501465 0.010156 0.004883
0 0.377734 0.512207 0.072656 0.034180
0 0.234375 0.512207 0.012500 0.006836
0 0.200781 0.523438 0.034375 0.031250
0 0.188672 0.514648 0.016406 0.007812
1 0.693359 0.486816 0.017969 0.010742
0 0.364453 0.501465 0.010156 0.004883
0 0.144531 0.531738 0.142187 0.055664
1 0.634766 0.488281 0.013281 0.009766
0 0.944141 0.479492 0.041406 0.015625
0 0.188672 0.513184 0.014844 0.006836
0 0.352344 0.503418 0.010937 0.004883
0 0.293750 0.509766 0.009375 0.005859
0 0.230859 0.513672 0.016406 0.007812
0 0.213281 0.514160 0.014063 0.006836
1 0.421875 0.505859 0.060937 0.023438
0 0.169531 0.518066 0.014063 0.006836
0 0.302734 0.509766 0.013281 0.007812
0 0.359766 0.505859 0.011719 0.007812
0 0.371484 0.509766 0.013281 0.009766
0 0.414062 0.502930 0.009375 0.007812
0 0.099219 0.532227 0.045312 0.019531
0 0.864062 0.481934 0.029687 0.010742
0 0.404687 0.504395 0.009375 0.008789
0 0.842187 0.482910 0.028125 0.010742
0 0.978125 0.479492 0.035937 0.013672
0 0.198437 0.516113 0.017188 0.008789
0 0.217969 0.512695 0.012500 0.005859
0 0.555469 0.493652 0.009375 0.006836
0 0.319531 0.506348 0.010937 0.006836
0 0.408203 0.500488 0.010156 0.004883
0 0.307422 0.508789 0.013281 0.007812
0 0.450391 0.500977 0.027344 0.011719
1 0.644922 0.482910 0.019531 0.020508
0 0.207813 0.512695 0.012500 0.005859
0 0.371484 0.504883 0.011719 0.007812
0 0.155469 0.515137 0.018750 0.006836
0 0.376172 0.508789 0.010156 0.009766
0 0.281641 0.507812 0.010156 0.005859
0 0.879297 0.481934 0.030469 0.010742
0 0.399219 0.501465 0.010937 0.004883
0 0.169531 0.517578 0.018750 0.007812
0 0.910547 0.479492 0.046094 0.021484
0 0.287109 0.510742 0.013281 0.007812
