0 0.035937 0.544922 0.029687 0.011719
0 0.416406 0.510254 0.040625 0.018555
0 0.008594 0.542969 0.017188 0.009766
0 0.332422 0.516602 0.014844 0.005859
0 0.375391 0.513184 0.016406 0.006836
0 0.021875 0.566406 0.043750 0.046875
0 0.309766 0.517578 0.014844 0.005859
0 0.119141 0.540527 0.042969 0.020508
0 0.269531 0.522461 0.017188 0.007812
0 0.308984 0.520508 0.060156 0.029297
0 0.192578 0.534668 0.032031 0.016602
0 0.325391 0.519043 0.016406 0.006836
0 0.121484 0.535645 0.022656 0.010742
0 0.017578 0.542480 0.021094 0.010742
0 0.014844 0.550293 0.029687 0.020508
0 0.027344 0.549805 0.053125 0.021484
0 0.531641 0.498535 0.017969 0.008789
0 0.039453 0.563965 0.078906 0.041992
0 0.191016 0.535156 0.038281 0.019531
0 0.295703 0.520996 0.016406 0.006836
0 0.016797 0.545410 0.032031 0.012695
0 0.349219 0.516602 0.015625 0.007812
0 0.014844 0.545898 0.029687 0.013672
0 0.301563 0.518066 0.015625 0.006836
1 0.796094 0.483398 0.050000 0.023438
0 0.278125 0.520996 0.017188 0.006836
0 0.152734 0.536133 0.021094 0.009766
0 0.162109 0.541504 0.113281 0.043945
0 0.385547 0.511230 0.044531 0.018555
0 0.050000 0.546875 0.048438 0.019531
0 0.162109 0.537598 0.041406 0.020508
0 0.049609 0.562500 0.085156 0.039062
0 0.308984 0.525391 0.025781 0.017578
0 0.274219 0.530762 0.029687 0.018555
0 0.007031 0.546387 0.014063 0.012695
0 0.594531 0.500000 0.018750 0.015625
0 0.169922 0.531738 0.025781 0.012695
0 0.360156 0.516113 0.015625 0.006836
0 0.071484 0.544434 0.044531 0.018555
1 0.807031 0.470215 0.076563 0.047852
0 0.021484 0.543457 0.021094 0.008789
0 0.205469 0.533691 0.035937 0.018555
0 0.086328 0.558105 0.069531 0.036133
0 0.142969 0.533203 0.020313 0.009766
0 0.345313 0.517090 0.017188 0.006836
0 0.033203 0.548340 0.044531 0.018555
