0 0.120313 0.526855 0.021875 0.008789
0 0.021484 0.533691 0.027344 0.010742
0 0.466797 0.496094 0.021094 0.009766
0 0.085156 0.525879 0.017188 0.008789
0 0.353516 0.506836 0.013281 0.005859
0 0.392578 0.503906 0.013281 0.005859
0 0.221875 0.527832 0.037500 0.022461
0 0.333203 0.507324 0.013281 0.004883
0 0.227734 0.520020 0.025781 0.014648
0 0.107813 0.531738 0.043750 0.016602
0 0.299609 0.511230 0.014844 0.006836
0 0.424219 0.500488 0.026562 0.012695
0 0.269141 0.517578 0.021094 0.011719
0 0.128125 0.530762 0.037500 0.016602
0 0.348828 0.508789 0.014844 0.005859
0 0.185156 0.520508 0.017188 0.007812
0 0.094531 0.525879 0.017188 0.008789
0 0.140625 0.527344 0.026562 0.013672
0 0.045703 0.531250 0.024219 0.009766
0 0.160156 0.526367 0.031250 0.013672
1 0.001563 0.534180 0.003125 0.021484
0 0.081250 0.528320 0.025000 0.009766
0 0.530078 0.493164 0.019531 0.009766
0 0.232813 0.527832 0.039062 0.022461
0 0.277344 0.517090 0.023438 0.012695
0 0.322656 0.509766 0.014063 0.005859
0 0.123047 0.542480 0.066406 0.030273
0 0.106641 0.526855 0.022656 0.008789
0 0.369531 0.506836 0.014063 0.005859
0 0.110156 0.527344 0.023438 0.009766
0 0.013281 0.533691 0.026562 0.012695
1 0.854688 0.476562 0.050000 0.023438
0 0.326172 0.507812 0.013281 0.005859
1 0.714063 0.482910 0.028125 0.016602
0 0.035547 0.529785 0.028906 0.010742
0 0.307422 0.510254 0.014844 0.006836
0 0.211328 0.520996 0.016406 0.008789
0 0.052734 0.532715 0.036719 0.014648
0 0.400000 0.504395 0.034375 0.014648
0 0.064062 0.531250 0.028125 0.011719
0 0.439844 0.498047 0.026562 0.011719
0 0.025391 0.536133 0.025781 0.009766
0 0.172266 0.524902 0.028906 0.014648
0 0.259375 0.518555 0.025000 0.013672
0 0.234766 0.528320 0.036719 0.021484
0 0.357812 0.511230 0.017188 0.012695
0 0.235937 0.525879 0.106250 0.041992
0 0.336719 0.514160 0.018750 0.012695
0 0.007031 0.538574 0.014063 0.016602
0 0.092969 0.527344 0.023438 0.009766
0 0.576172 0.493652 0.014844 0.010742
0 0.234766 0.516602 0.017969 0.009766
0 0.378906 0.505859 0.014063 0.005859
0 0.184375 0.523926 0.028125 0.012695
1 0.726562 0.473633 0.043750 0.035156
0 0.098828 0.526367 0.017969 0.007812
0 0.284766 0.516113 0.022656 0.012695
0 0.249609 0.526855 0.030469 0.020508
0 0.200000 0.518555 0.015625 0.007812
0 0.366797 0.506836 0.014844 0.005859
0 0.153906 0.526367 0.028125 0.013672
