0 0.123828 0.526855 0.021094 0.008789
0 0.026562 0.532715 0.026562 0.010742
0 0.467187 0.499023 0.020313 0.009766
0 0.087891 0.525391 0.017969 0.007812
0 0.352734 0.508789 0.013281 0.005859
0 0.391797 0.505859 0.013281 0.005859
0 0.231641 0.527832 0.035156 0.022461
0 0.332422 0.508789 0.013281 0.005859
0 0.233203 0.520508 0.024219 0.013672
0 0.117188 0.531250 0.042188 0.015625
0 0.300000 0.512695 0.014063 0.005859
0 0.427344 0.502441 0.025000 0.012695
0 0.272656 0.518555 0.020313 0.011719
0 0.137500 0.530273 0.035937 0.015625
0 0.348438 0.510742 0.014063 0.005859
0 0.187109 0.520508 0.016406 0.007812
0 0.097266 0.525391 0.017969 0.007812
0 0.146875 0.527344 0.025000 0.013672
0 0.050000 0.530762 0.023438 0.008789
0 0.166406 0.526367 0.029687 0.013672
1 0.007422 0.532715 0.014844 0.020508
0 0.085547 0.527344 0.024219 0.009766
0 0.527734 0.496582 0.019531 0.008789
0 0.241797 0.527832 0.036719 0.020508
0 0.280859 0.518066 0.022656 0.012695
0 0.322656 0.511719 0.014063 0.005859
0 0.140625 0.540527 0.060937 0.028320
0 0.110156 0.526855 0.021875 0.008789
0 0.368750 0.508789 0.014063 0.005859
0 0.114453 0.527344 0.022656 0.009766
0 0.016797 0.532715 0.033594 0.012695
1 0.838281 0.482422 0.046875 0.021484
0 0.325781 0.509766 0.014063 0.005859
1 0.705859 0.488281 0.025781 0.015625
0 0.041016 0.529297 0.027344 0.009766
0 0.307031 0.511719 0.014063 0.005859
0 0.213281 0.521484 0.015625 0.007812
0 0.061328 0.532227 0.035156 0.013672
0 0.405859 0.505859 0.032031 0.013672
0 0.069531 0.530273 0.026562 0.011719
0 0.441016 0.500488 0.025781 0.010742
0 0.030078 0.535156 0.025781 0.009766
0 0.178125 0.524902 0.028125 0.012695
0 0.263281 0.519531 0.023438 0.013672
0 0.243359 0.528320 0.035156 0.019531
0 0.359375 0.513184 0.017188 0.012695
0 0.294922 0.520508 0.080469 0.033203
0 0.339062 0.516113 0.017188 0.012695
0 0.011719 0.537109 0.023438 0.015625
0 0.096875 0.527344 0.023438 0.009766
0 0.573047 0.497559 0.014844 0.010742
0 0.237109 0.517578 0.017969 0.009766
0 0.378516 0.508301 0.013281 0.006836
0 0.189844 0.523926 0.026562 0.012695
1 0.718359 0.479492 0.041406 0.033203
0 0.101562 0.526367 0.017188 0.007812
0 0.288281 0.517090 0.021875 0.012695
0 0.257031 0.526855 0.028125 0.018555
0 0.201563 0.519531 0.015625 0.007812
0 0.366406 0.508789 0.014063 0.005859
0 0.159766 0.526367 0.027344 0.013672
