0 0.234766 0.520508 0.011719 0.005859
0 0.174609 0.524902 0.013281 0.006836
0 0.197656 0.521484 0.012500 0.005859
1 0.390234 0.513184 0.041406 0.018555
0 0.425391 0.506836 0.022656 0.011719
0 0.893750 0.480957 0.029687 0.010742
0 0.380078 0.507324 0.010156 0.004883
0 0.961328 0.477539 0.036719 0.013672
0 0.921094 0.479980 0.026562 0.010742
0 0.372266 0.512207 0.061719 0.030273
0 0.412109 0.505371 0.010156 0.004883
0 0.373828 0.514160 0.010156 0.010742
0 0.364453 0.508301 0.010156 0.004883
0 0.987891 0.475586 0.022656 0.009766
0 0.340625 0.513672 0.010937 0.007812
0 0.289844 0.519043 0.020313 0.008789
0 0.341406 0.511230 0.010937 0.004883
1 0.771094 0.484375 0.031250 0.011719
0 0.355859 0.512695 0.010156 0.007812
0 0.301563 0.518066 0.017188 0.008789
0 0.379297 0.509277 0.010156 0.004883
0 0.138281 0.527832 0.017188 0.006836
0 0.273438 0.516602 0.009375 0.005859
0 0.958594 0.477051 0.029687 0.010742
0 0.204687 0.520508 0.012500 0.005859
0 0.167969 0.525391 0.017188 0.007812
0 0.285156 0.518555 0.010937 0.007812
0 0.182422 0.524414 0.013281 0.005859
0 0.300781 0.517090 0.012500 0.008789
1 0.215234 0.520508 0.027344 0.011719
0 0.214453 0.521484 0.013281 0.005859
0 0.528516 0.506348 0.038281 0.018555
1 0.859766 0.480957 0.030469 0.012695
0 0.375000 0.514648 0.012500 0.009766
0 0.889453 0.481445 0.025781 0.009766
0 0.367578 0.511719 0.010156 0.007812
0 0.359375 0.509766 0.010937 0.003906
0 0.351172 0.518066 0.016406 0.010742
0 0.226953 0.520508 0.011719 0.005859
0 0.402344 0.510254 0.039062 0.020508
0 0.394141 0.507324 0.010156 0.004883
1 0.990625 0.496094 0.017188 0.048828
0 0.412500 0.513672 0.048438 0.023438
0 0.236328 0.520508 0.011719 0.005859
0 0.194531 0.523438 0.015625 0.007812
1 0.668359 0.489746 0.014844 0.010742
0 0.358984 0.508301 0.010156 0.004883
0 0.979297 0.477051 0.036719 0.012695
0 0.342578 0.518066 0.055469 0.024414
1 0.616406 0.492188 0.010937 0.009766
0 0.882422 0.480957 0.035156 0.012695
0 0.192578 0.521973 0.013281 0.006836
0 0.635156 0.520020 0.090625 0.055664
0 0.347266 0.510254 0.010156 0.004883
0 0.982031 0.496094 0.034375 0.041016
0 0.292187 0.517578 0.009375 0.005859
0 0.236328 0.521484 0.014844 0.007812
0 0.217188 0.521973 0.012500 0.006836
1 0.446875 0.506348 0.039062 0.016602
0 0.991406 0.475586 0.015625 0.015625
0 0.173047 0.527344 0.013281 0.005859
0 0.304688 0.516602 0.012500 0.007812
0 0.359375 0.512695 0.010937 0.007812
0 0.372656 0.515137 0.012500 0.008789
0 0.409766 0.508789 0.008594 0.007812
0 0.143359 0.537109 0.036719 0.017578
0 0.821094 0.483398 0.026562 0.009766
0 0.401172 0.510254 0.008594 0.006836
0 0.978516 0.477539 0.032031 0.011719
0 0.801562 0.484375 0.025000 0.009766
0 0.916797 0.479492 0.030469 0.011719
0 0.206250 0.523926 0.015625 0.008789
0 0.220312 0.520996 0.012500 0.006836
0 0.542969 0.497559 0.009375 0.006836
0 0.990625 0.476074 0.017188 0.012695
0 0.318359 0.513184 0.010156 0.006836
0 0.401953 0.507324 0.010156 0.004883
0 0.308984 0.516113 0.011719 0.006836
1 0.625781 0.486816 0.017188 0.018555
0 0.208594 0.521484 0.012500 0.005859
0 0.369922 0.511719 0.010156 0.007812
0 0.995703 0.475586 0.007031 0.011719
0 0.162109 0.523926 0.017969 0.006836
0 0.376563 0.514648 0.009375 0.009766
0 0.280078 0.515625 0.008594 0.005859
0 0.834375 0.483398 0.026562 0.009766
0 0.393359 0.507324 0.010156 0.004883
0 0.177734 0.525879 0.016406 0.008789
0 0.843359 0.481934 0.035156 0.018555
0 0.289062 0.517578 0.012500 0.007812
