0 0.168359 0.513672 0.016406 0.007812
0 0.088281 0.518066 0.020313 0.008789
0 0.467578 0.491211 0.013281 0.005859
0 0.129688 0.513184 0.015625 0.006836
0 0.176953 0.521484 0.099219 0.042969
0 0.358203 0.500488 0.011719 0.004883
0 0.394141 0.498535 0.011719 0.004883
0 0.308203 0.511230 0.019531 0.014648
0 0.340234 0.500488 0.011719 0.004883
0 0.282813 0.508301 0.017188 0.010742
0 0.203516 0.514648 0.030469 0.011719
0 0.311719 0.503418 0.012500 0.004883
0 0.450000 0.493164 0.015625 0.007812
1 0.890625 0.478516 0.048438 0.017578
0 0.308984 0.507324 0.014844 0.008789
0 0.219141 0.513672 0.025781 0.011719
0 0.355469 0.501953 0.012500 0.005859
0 0.011719 0.522461 0.023438 0.009766
0 0.219922 0.509277 0.013281 0.006836
0 0.138281 0.512695 0.015625 0.007812
0 0.050391 0.520020 0.027344 0.010742
0 0.210938 0.512695 0.017188 0.009766
0 0.103516 0.516602 0.017969 0.007812
0 0.229297 0.512207 0.021094 0.010742
1 0.100781 0.515137 0.040625 0.014648
0 0.139063 0.514160 0.018750 0.008789
0 0.514844 0.493652 0.021875 0.010742
0 0.312109 0.511719 0.021094 0.013672
0 0.319531 0.506836 0.015625 0.009766
0 0.332422 0.502441 0.013281 0.004883
0 0.262500 0.518066 0.031250 0.016602
0 0.157812 0.513672 0.017188 0.007812
0 0.373828 0.500488 0.011719 0.004883
0 0.165625 0.513672 0.017188 0.007812
0 0.097266 0.516602 0.024219 0.009766
1 0.735156 0.483887 0.026562 0.014648
0 0.333984 0.500488 0.011719 0.004883
1 0.651953 0.486328 0.017969 0.011719
0 0.105859 0.515137 0.021094 0.008789
1 0.339062 0.505859 0.078125 0.031250
0 0.318359 0.502441 0.013281 0.004883
0 0.242969 0.510254 0.012500 0.006836
0 0.143359 0.516113 0.024219 0.010742
0 0.442578 0.495117 0.017969 0.007812
0 0.133984 0.516113 0.019531 0.008789
1 0.111328 0.541992 0.222656 0.109375
0 0.455078 0.492188 0.017969 0.007812
0 0.088672 0.520508 0.019531 0.007812
0 0.236328 0.511230 0.019531 0.010742
0 0.307422 0.507324 0.016406 0.010742
0 0.310547 0.512695 0.021094 0.013672
0 0.378906 0.502930 0.012500 0.009766
0 0.964063 0.478516 0.042188 0.015625
0 0.444531 0.496094 0.023438 0.009766
0 0.365625 0.504883 0.012500 0.009766
0 0.935937 0.479004 0.040625 0.014648
0 0.100000 0.519531 0.026562 0.011719
0 0.147266 0.513672 0.017969 0.007812
0 0.551953 0.492676 0.011719 0.008789
0 0.269531 0.506836 0.014063 0.007812
0 0.382422 0.500000 0.011719 0.005859
0 0.243750 0.510742 0.018750 0.009766
0 0.205078 0.526367 0.124219 0.044922
1 0.663281 0.479492 0.028125 0.025391
0 0.142578 0.513672 0.014844 0.005859
0 0.324219 0.505859 0.015625 0.009766
0 0.057813 0.517090 0.026562 0.008789
0 0.318359 0.511719 0.016406 0.013672
0 0.230469 0.508301 0.012500 0.006836
0 0.981641 0.478516 0.035156 0.015625
0 0.371875 0.500977 0.012500 0.005859
0 0.066797 0.520996 0.027344 0.010742
0 0.218750 0.512695 0.018750 0.009766
