0 0.232031 0.510254 0.012500 0.006836
0 0.168359 0.514160 0.014844 0.006836
0 0.194922 0.509766 0.013281 0.005859
1 0.325781 0.509277 0.067187 0.028320
0 0.400781 0.502441 0.032813 0.016602
0 0.957422 0.479492 0.035156 0.013672
0 0.385547 0.499512 0.010156 0.004883
0 0.983203 0.479492 0.032031 0.011719
0 0.246094 0.514648 0.132812 0.062500
0 0.418359 0.497559 0.010156 0.004883
0 0.370703 0.506348 0.011719 0.010742
0 0.369141 0.499512 0.010156 0.004883
0 0.338672 0.504883 0.011719 0.007812
0 0.282422 0.509766 0.022656 0.009766
0 0.345313 0.501953 0.010937 0.003906
1 0.811719 0.481445 0.035937 0.013672
0 0.356250 0.504395 0.010937 0.006836
0 0.295312 0.509277 0.018750 0.008789
0 0.384375 0.500488 0.010937 0.004883
0 0.381250 0.503418 0.037500 0.016602
0 0.124609 0.516602 0.017969 0.007812
0 0.272656 0.506836 0.010937 0.005859
0 0.201953 0.509766 0.013281 0.005859
0 0.155469 0.514648 0.018750 0.007812
0 0.280469 0.508789 0.012500 0.007812
0 0.177734 0.512695 0.013281 0.005859
0 0.296094 0.508301 0.014063 0.008789
1 0.203125 0.510254 0.029687 0.012695
0 0.209766 0.510742 0.013281 0.005859
0 0.525391 0.496582 0.027344 0.012695
0 0.389453 0.504883 0.044531 0.019531
1 0.921875 0.479004 0.039062 0.014648
0 0.372656 0.507324 0.014063 0.010742
0 0.946875 0.480469 0.031250 0.011719
0 0.367578 0.503906 0.011719 0.007812
0 0.364063 0.501465 0.010937 0.004883
0 0.343750 0.510742 0.018750 0.011719
0 0.223438 0.510254 0.012500 0.006836
0 0.343750 0.508301 0.065625 0.032227
0 0.400000 0.499512 0.010937 0.004883
0 0.369922 0.510742 0.077344 0.035156
0 0.232422 0.510254 0.013281 0.006836
0 0.162891 0.523926 0.038281 0.034180
0 0.185938 0.512695 0.017188 0.007812
1 0.695703 0.485352 0.017969 0.011719
0 0.363672 0.499512 0.010156 0.004883
0 0.082031 0.535645 0.164062 0.065430
1 0.635938 0.487305 0.012500 0.009766
0 0.952344 0.479004 0.042188 0.014648
0 0.185938 0.511230 0.015625 0.006836
0 0.351562 0.501465 0.010937 0.004883
0 0.292187 0.507812 0.009375 0.005859
0 0.228125 0.511230 0.017188 0.008789
0 0.210938 0.511719 0.014063 0.007812
1 0.417578 0.504395 0.063281 0.024414
0 0.167187 0.516113 0.014063 0.006836
0 0.300781 0.507812 0.014063 0.007812
0 0.358203 0.504395 0.011719 0.008789
0 0.369922 0.507812 0.013281 0.009766
0 0.413281 0.500977 0.009375 0.007812
0 0.089453 0.529785 0.047656 0.020508
0 0.868750 0.481445 0.029687 0.011719
0 0.491016 0.490723 0.011719 0.004883
0 0.403906 0.502930 0.009375 0.007812
0 0.846484 0.481934 0.028906 0.010742
0 0.983203 0.479004 0.032031 0.012695
0 0.195312 0.514160 0.017188 0.008789
0 0.216016 0.510254 0.013281 0.006836
0 0.555859 0.492188 0.010156 0.007812
0 0.317969 0.504395 0.010937 0.006836
0 0.407422 0.499023 0.010156 0.003906
0 0.305469 0.506836 0.014063 0.007812
0 0.446875 0.500000 0.028125 0.011719
1 0.646094 0.481445 0.020313 0.019531
0 0.205859 0.510742 0.013281 0.005859
0 0.370312 0.503418 0.010937 0.006836
0 0.152344 0.512695 0.018750 0.007812
0 0.375000 0.506836 0.010937 0.009766
0 0.280078 0.505859 0.010156 0.005859
0 0.883984 0.481445 0.030469 0.011719
0 0.399219 0.499512 0.010937 0.004883
0 0.166406 0.515137 0.018750 0.008789
0 0.919141 0.479004 0.047656 0.022461
0 0.285156 0.508789 0.014063 0.007812
