0 0.226562 0.513672 0.012500 0.005859
0 0.161719 0.517090 0.015625 0.006836
0 0.189453 0.512695 0.013281 0.005859
1 0.284375 0.516113 0.075000 0.032227
0 0.391406 0.506348 0.035937 0.016602
0 0.971484 0.482422 0.036719 0.013672
0 0.383203 0.502441 0.010156 0.004883
0 0.989453 0.482422 0.019531 0.011719
0 0.161328 0.523438 0.182031 0.082031
0 0.416406 0.500488 0.010937 0.004883
0 0.366016 0.509766 0.013281 0.011719
0 0.367188 0.502441 0.010937 0.004883
0 0.334375 0.508301 0.012500 0.008789
0 0.276562 0.512695 0.023438 0.009766
0 0.342969 0.505371 0.010937 0.004883
0 0.478125 0.494141 0.010937 0.005859
1 0.819922 0.484375 0.036719 0.013672
0 0.352344 0.507812 0.010937 0.007812
0 0.289062 0.512695 0.018750 0.009766
0 0.382031 0.503418 0.010937 0.004883
0 0.367969 0.507812 0.042188 0.017578
0 0.115625 0.519531 0.018750 0.007812
0 0.268359 0.509766 0.010156 0.005859
0 0.196484 0.512695 0.013281 0.005859
0 0.147266 0.517578 0.019531 0.007812
0 0.275000 0.512207 0.012500 0.008789
0 0.171484 0.516113 0.014844 0.006836
0 0.291016 0.511230 0.014844 0.008789
1 0.194922 0.513184 0.030469 0.012695
0 0.203906 0.513672 0.014063 0.005859
0 0.525391 0.499023 0.025781 0.011719
0 0.373437 0.509766 0.050000 0.021484
1 0.935937 0.482422 0.040625 0.015625
0 0.367969 0.510254 0.014063 0.010742
0 0.958984 0.483398 0.032031 0.011719
0 0.363672 0.506836 0.011719 0.007812
0 0.361328 0.504395 0.011719 0.004883
0 0.337891 0.514160 0.019531 0.012695
0 0.218359 0.513184 0.013281 0.006836
0 0.313281 0.514160 0.078125 0.038086
0 0.398438 0.502441 0.010937 0.004883
0 0.349609 0.515625 0.088281 0.041016
0 0.226953 0.513184 0.013281 0.006836
0 0.063281 0.532715 0.075000 0.040039
0 0.178906 0.515625 0.017188 0.007812
1 0.700000 0.488281 0.018750 0.011719
0 0.361328 0.502441 0.010156 0.004883
1 0.638281 0.490234 0.012500 0.009766
0 0.968359 0.481934 0.044531 0.016602
0 0.179688 0.514160 0.015625 0.006836
0 0.348828 0.504395 0.011719 0.004883
0 0.288281 0.510742 0.010937 0.005859
0 0.221094 0.514160 0.017188 0.008789
0 0.474219 0.496094 0.012500 0.005859
0 0.204687 0.514648 0.014063 0.007812
1 0.405469 0.508789 0.071875 0.027344
0 0.160547 0.519043 0.014844 0.006836
0 0.295703 0.510742 0.014844 0.007812
0 0.354297 0.507324 0.011719 0.008789
0 0.365625 0.511230 0.014063 0.010742
0 0.410938 0.504395 0.009375 0.008789
0 0.066016 0.534180 0.052344 0.021484
0 0.878125 0.484375 0.031250 0.011719
0 0.488281 0.494141 0.012500 0.005859
0 0.400781 0.505859 0.009375 0.007812
0 0.855469 0.485352 0.029687 0.011719
0 0.990234 0.481934 0.017969 0.012695
0 0.187891 0.517090 0.017969 0.008789
0 0.210156 0.513184 0.014063 0.006836
0 0.556250 0.495117 0.010937 0.007812
0 0.314063 0.507324 0.010937 0.006836
0 0.405469 0.502441 0.010937 0.004883
0 0.300781 0.510254 0.014063 0.008789
0 0.437891 0.503418 0.032031 0.012695
1 0.648828 0.484375 0.021094 0.021484
0 0.200391 0.513672 0.013281 0.005859
0 0.366797 0.506836 0.011719 0.007812
0 0.144531 0.515625 0.020313 0.007812
0 0.370312 0.510254 0.010937 0.010742
0 0.276172 0.508789 0.010156 0.005859
0 0.894141 0.484375 0.032031 0.011719
0 0.396875 0.502441 0.010937 0.004883
0 0.158203 0.518066 0.019531 0.008789
0 0.938672 0.481445 0.052344 0.023438
0 0.279687 0.511719 0.014063 0.007812
