0 0.223828 0.516113 0.013281 0.006836
0 0.157812 0.519531 0.015625 0.007812
0 0.186328 0.515625 0.013281 0.005859
1 0.255859 0.521484 0.077344 0.035156
0 0.386328 0.507812 0.036719 0.017578
0 0.978906 0.482422 0.037500 0.013672
0 0.382422 0.504395 0.010156 0.004883
0 0.992578 0.482422 0.013281 0.011719
0 0.101953 0.531250 0.203906 0.099609
0 0.415625 0.502441 0.010937 0.004883
0 0.363672 0.511719 0.013281 0.011719
0 0.366016 0.504395 0.010156 0.004883
0 0.332031 0.510254 0.012500 0.008789
0 0.272656 0.515625 0.023438 0.009766
0 0.341406 0.507324 0.010937 0.004883
0 0.476953 0.496094 0.011719 0.005859
1 0.824219 0.484863 0.037500 0.014648
0 0.350391 0.509766 0.011719 0.007812
0 0.285547 0.514648 0.019531 0.009766
0 0.380859 0.505371 0.011719 0.004883
0 0.359766 0.510742 0.044531 0.019531
0 0.110156 0.522461 0.018750 0.007812
0 0.266016 0.511719 0.010156 0.005859
0 0.194141 0.515625 0.013281 0.005859
0 0.142187 0.520020 0.020313 0.008789
0 0.271875 0.514160 0.012500 0.008789
0 0.168359 0.518555 0.014844 0.005859
0 0.287891 0.513184 0.014844 0.008789
1 0.190625 0.516113 0.031250 0.012695
0 0.200781 0.516113 0.014063 0.006836
0 0.525391 0.500488 0.025781 0.012695
0 0.362109 0.512207 0.053906 0.022461
1 0.943750 0.482422 0.042188 0.015625
0 0.365234 0.512207 0.014844 0.010742
0 0.965234 0.483398 0.032031 0.011719
0 0.361719 0.508789 0.012500 0.007812
0 0.360156 0.506348 0.010937 0.004883
0 0.334375 0.516113 0.020313 0.012695
0 0.215234 0.515625 0.013281 0.005859
0 0.292969 0.517090 0.087500 0.041992
0 0.396875 0.504395 0.010937 0.004883
0 0.336719 0.519043 0.095312 0.043945
0 0.223828 0.515137 0.013281 0.006836
0 0.024609 0.540039 0.049219 0.042969
0 0.174609 0.518066 0.017969 0.008789
1 0.702344 0.489258 0.018750 0.011719
0 0.360156 0.504395 0.010937 0.004883
1 0.639453 0.491211 0.013281 0.009766
0 0.976953 0.481934 0.044531 0.016602
0 0.175781 0.516602 0.015625 0.007812
0 0.347266 0.506348 0.011719 0.004883
0 0.286328 0.512695 0.010156 0.005859
0 0.217578 0.517090 0.017969 0.008789
0 0.472656 0.497070 0.012500 0.005859
0 0.201172 0.517578 0.014844 0.007812
1 0.398047 0.511230 0.075781 0.030273
0 0.157031 0.521973 0.015625 0.006836
0 0.292578 0.513184 0.014844 0.008789
0 0.352344 0.509277 0.012500 0.008789
0 0.362891 0.513184 0.014844 0.010742
0 0.409766 0.506348 0.010156 0.008789
0 0.052344 0.538086 0.054688 0.021484
0 0.883203 0.484375 0.032031 0.011719
0 0.486719 0.496094 0.012500 0.005859
0 0.399219 0.507812 0.009375 0.007812
0 0.860156 0.485352 0.031250 0.011719
0 0.994141 0.481445 0.010156 0.013672
0 0.183594 0.519531 0.018750 0.009766
0 0.207031 0.516113 0.014063 0.006836
0 0.556641 0.496094 0.010156 0.007812
0 0.312500 0.509277 0.010937 0.006836
0 0.404687 0.503418 0.010937 0.004883
0 0.297656 0.512695 0.014063 0.007812
0 0.432422 0.505859 0.033594 0.013672
1 0.649609 0.485352 0.021094 0.021484
0 0.198047 0.516113 0.013281 0.004883
0 0.364453 0.508301 0.011719 0.008789
0 0.140625 0.518555 0.020313 0.007812
0 0.368359 0.512207 0.011719 0.010742
0 0.273828 0.511230 0.010156 0.004883
0 0.899609 0.484375 0.032031 0.011719
0 0.396094 0.504395 0.010937 0.004883
0 0.153906 0.520996 0.020313 0.008789
0 0.950000 0.481445 0.054688 0.023438
0 0.276562 0.514160 0.014063 0.008789
