0 0.199609 0.511719 0.014844 0.005859
0 0.128125 0.515137 0.017188 0.006836
0 0.161719 0.511230 0.014063 0.006836
0 0.329688 0.508301 0.051562 0.024414
0 0.371875 0.500488 0.010937 0.004883
0 0.406641 0.499023 0.011719 0.005859
0 0.340625 0.509277 0.015625 0.012695
0 0.354687 0.500488 0.010937 0.004883
0 0.311328 0.506836 0.014844 0.009766
0 0.243750 0.512207 0.026562 0.010742
0 0.328516 0.503418 0.011719 0.004883
0 0.466016 0.493652 0.013281 0.006836
1 0.853125 0.483887 0.042188 0.016602
0 0.332422 0.506348 0.013281 0.008789
0 0.257812 0.511719 0.021875 0.009766
0 0.369922 0.501953 0.011719 0.005859
0 0.262500 0.516602 0.073438 0.029297
0 0.068359 0.518066 0.021094 0.008789
0 0.246484 0.507812 0.011719 0.005859
0 0.169922 0.510742 0.014844 0.005859
0 0.103516 0.516602 0.022656 0.009766
0 0.245703 0.510742 0.014844 0.009766
0 0.140234 0.514160 0.016406 0.006836
0 0.262891 0.510254 0.017969 0.008789
1 0.152734 0.511719 0.035156 0.013672
0 0.174219 0.512207 0.015625 0.006836
0 0.521484 0.496582 0.024219 0.010742
0 0.218750 0.521484 0.109375 0.042969
1 0.985938 0.481445 0.026562 0.017578
0 0.343359 0.509766 0.017969 0.011719
0 0.995313 0.483398 0.007812 0.013672
0 0.343750 0.505371 0.014063 0.008789
0 0.348047 0.502441 0.011719 0.004883
0 0.305078 0.514160 0.024219 0.014648
0 0.190234 0.511230 0.014844 0.006836
0 0.030859 0.542969 0.061719 0.113281
0 0.387109 0.500977 0.011719 0.005859
0 0.166406 0.534180 0.206250 0.085938
0 0.198828 0.511719 0.014844 0.007812
0 0.141406 0.514160 0.020313 0.008789
1 0.717187 0.487793 0.021875 0.012695
0 0.348828 0.500977 0.011719 0.003906
1 0.645703 0.489258 0.014844 0.011719
0 0.145703 0.512207 0.017969 0.006836
1 0.423438 0.500977 0.045312 0.019531
0 0.334766 0.502441 0.011719 0.004883
0 0.267578 0.509277 0.011719 0.006836
0 0.185938 0.513184 0.020313 0.008789
0 0.460547 0.495117 0.014844 0.005859
0 0.172266 0.513672 0.016406 0.007812
1 0.320312 0.514648 0.125000 0.046875
0 0.469141 0.492676 0.014844 0.006836
0 0.127344 0.517090 0.017188 0.006836
0 0.269141 0.509277 0.016406 0.008789
0 0.333203 0.506348 0.013281 0.008789
0 0.341406 0.510742 0.017188 0.011719
0 0.396875 0.502930 0.010937 0.009766
0 0.918750 0.483887 0.035937 0.012695
0 0.471094 0.494629 0.015625 0.006836
0 0.385156 0.504395 0.010937 0.008789
0 0.893359 0.484863 0.035156 0.012695
0 0.147656 0.515625 0.021875 0.009766
0 0.181250 0.511719 0.015625 0.007812
0 0.555078 0.494141 0.011719 0.007812
0 0.293750 0.505371 0.012500 0.006836
0 0.395313 0.500488 0.010937 0.004883
0 0.275000 0.509277 0.015625 0.008789
0 0.376563 0.508301 0.053125 0.020508
1 0.656641 0.482910 0.024219 0.022461
0 0.173828 0.511719 0.014844 0.005859
0 0.347266 0.505371 0.013281 0.008789
0 0.105078 0.513672 0.022656 0.007812
0 0.347266 0.509766 0.013281 0.011719
0 0.255469 0.506836 0.010937 0.005859
0 0.937500 0.484375 0.037500 0.013672
0 0.385547 0.500977 0.011719 0.005859
0 0.116797 0.517090 0.022656 0.008789
0 0.251953 0.510254 0.016406 0.008789
