0 0.146094 0.524902 0.018750 0.008789
0 0.058203 0.530762 0.022656 0.008789
0 0.464844 0.496582 0.015625 0.006836
0 0.108203 0.524414 0.016406 0.007812
0 0.352344 0.507324 0.012500 0.004883
0 0.389844 0.504883 0.012500 0.005859
0 0.278125 0.521484 0.025000 0.017578
0 0.333594 0.507812 0.012500 0.005859
0 0.260547 0.517578 0.019531 0.011719
0 0.167578 0.526367 0.035156 0.013672
0 0.303125 0.511719 0.014063 0.005859
0 0.439844 0.500000 0.018750 0.009766
1 0.949219 0.474609 0.057813 0.021484
0 0.291406 0.516113 0.017188 0.010742
0 0.185156 0.525391 0.029687 0.013672
0 0.349609 0.508789 0.013281 0.005859
0 0.202734 0.519531 0.014844 0.007812
0 0.116797 0.524414 0.016406 0.007812
0 0.010547 0.534668 0.021094 0.012695
0 0.182422 0.524414 0.021094 0.011719
0 0.076953 0.528809 0.021094 0.008789
0 0.201563 0.522949 0.023438 0.012695
1 0.053906 0.528320 0.046875 0.017578
0 0.112891 0.525879 0.021094 0.008789
0 0.516016 0.497070 0.021094 0.009766
0 0.284375 0.521973 0.026562 0.016602
0 0.301563 0.515137 0.018750 0.010742
0 0.325000 0.509766 0.014063 0.005859
0 0.218359 0.531250 0.039844 0.021484
0 0.133984 0.524902 0.019531 0.008789
0 0.368359 0.507324 0.013281 0.004883
0 0.140625 0.524902 0.018750 0.008789
0 0.061328 0.529785 0.027344 0.010742
1 0.767188 0.483398 0.032813 0.017578
0 0.326562 0.508301 0.012500 0.004883
1 0.667969 0.487305 0.020313 0.013672
0 0.075391 0.527344 0.024219 0.009766
1 0.094531 0.538086 0.189062 0.078125
0 0.310156 0.510742 0.014063 0.005859
0 0.227344 0.520020 0.014063 0.006836
0 0.107422 0.528320 0.028906 0.011719
0 0.428516 0.501953 0.022656 0.009766
0 0.104297 0.528320 0.022656 0.009766
0 0.447656 0.498047 0.020313 0.007812
0 0.060156 0.533203 0.021875 0.009766
0 0.210547 0.521484 0.022656 0.011719
0 0.287500 0.516602 0.018750 0.011719
0 0.283203 0.522949 0.025781 0.016602
0 0.368359 0.510742 0.013281 0.011719
0 0.414453 0.505371 0.033594 0.014648
0 0.351953 0.513184 0.014844 0.010742
0 0.988672 0.474609 0.021094 0.017578
0 0.058203 0.533203 0.032031 0.013672
0 0.122656 0.525391 0.020313 0.007812
0 0.556641 0.496094 0.013281 0.009766
0 0.253125 0.515625 0.015625 0.007812
0 0.377344 0.506836 0.012500 0.005859
0 0.219531 0.520996 0.021875 0.010742
1 0.680078 0.479980 0.032031 0.028320
0 0.121484 0.524902 0.016406 0.006836
0 0.307422 0.514160 0.017969 0.010742
0 0.019922 0.530762 0.030469 0.010742
0 0.292969 0.521484 0.020313 0.015625
0 0.214844 0.518066 0.014063 0.006836
0 0.366016 0.507812 0.013281 0.005859
0 0.023828 0.534668 0.032031 0.012695
0 0.192188 0.523438 0.021875 0.011719
