0 0.240234 0.517578 0.011719 0.005859
0 0.179688 0.520996 0.014063 0.006836
0 0.203906 0.517578 0.012500 0.005859
1 0.372656 0.514160 0.051562 0.022461
0 0.419531 0.506836 0.028125 0.013672
0 0.930859 0.482910 0.032031 0.012695
0 0.388672 0.505371 0.010156 0.004883
0 0.993750 0.479980 0.010937 0.014648
0 0.957812 0.482910 0.029687 0.010742
0 0.335547 0.514648 0.085156 0.041016
0 0.420703 0.503418 0.010156 0.004883
0 0.378516 0.512695 0.011719 0.009766
0 0.372266 0.505859 0.010156 0.003906
0 0.346094 0.511719 0.010937 0.007812
0 0.293359 0.516113 0.021094 0.008789
0 0.349219 0.508301 0.010937 0.004883
1 0.796484 0.485840 0.033594 0.012695
0 0.362109 0.510742 0.010156 0.007812
0 0.305078 0.516113 0.017969 0.008789
0 0.387500 0.507324 0.010937 0.004883
0 0.140625 0.523438 0.017188 0.007812
0 0.279687 0.513672 0.009375 0.005859
0 0.991016 0.479980 0.016406 0.010742
0 0.210938 0.517578 0.012500 0.005859
0 0.170313 0.521973 0.017188 0.008789
0 0.289844 0.515625 0.010937 0.007812
0 0.187891 0.520508 0.013281 0.005859
0 0.305078 0.514648 0.013281 0.007812
1 0.217188 0.517578 0.028125 0.011719
0 0.219922 0.518066 0.013281 0.006836
0 0.526953 0.503418 0.030469 0.014648
0 0.412891 0.509766 0.036719 0.015625
1 0.895703 0.483398 0.035156 0.013672
0 0.380078 0.512695 0.013281 0.009766
0 0.923828 0.483887 0.028906 0.010742
0 0.373437 0.509766 0.010937 0.007812
0 0.367188 0.507812 0.010937 0.003906
0 0.354297 0.516602 0.017969 0.011719
0 0.232813 0.517578 0.012500 0.005859
0 0.384766 0.511719 0.049219 0.025391
0 0.402734 0.505371 0.010156 0.004883
0 0.400391 0.514160 0.060156 0.028320
0 0.241797 0.517090 0.011719 0.006836
0 0.308203 0.519043 0.055469 0.024414
0 0.198437 0.519531 0.015625 0.007812
1 0.686719 0.490723 0.017188 0.010742
0 0.366797 0.506348 0.010156 0.004883
0 0.271484 0.524902 0.086719 0.036133
1 0.630859 0.492188 0.011719 0.009766
0 0.921875 0.482910 0.039062 0.014648
0 0.197266 0.518066 0.014844 0.006836
0 0.355469 0.507812 0.010937 0.003906
0 0.298828 0.514648 0.010156 0.005859
0 0.239844 0.518555 0.015625 0.007812
0 0.221484 0.519043 0.013281 0.006836
1 0.436719 0.508301 0.051562 0.020508
0 0.178125 0.523438 0.014063 0.005859
0 0.309375 0.514160 0.012500 0.008789
0 0.364844 0.510742 0.010937 0.007812
0 0.377344 0.513672 0.012500 0.009766
0 0.417578 0.507324 0.008594 0.008789
0 0.128906 0.535156 0.040625 0.017578
0 0.850000 0.485352 0.028125 0.009766
0 0.408203 0.508789 0.008594 0.007812
0 0.829297 0.485840 0.027344 0.010742
0 0.956641 0.482422 0.033594 0.011719
0 0.208984 0.520996 0.016406 0.008789
0 0.225391 0.517578 0.013281 0.005859
0 0.554688 0.497559 0.009375 0.006836
0 0.324609 0.510742 0.010156 0.005859
0 0.410156 0.505371 0.010937 0.004883
0 0.314063 0.513672 0.012500 0.007812
0 0.461719 0.503906 0.023438 0.009766
1 0.641016 0.487305 0.019531 0.019531
0 0.214844 0.518066 0.012500 0.004883
0 0.376172 0.509766 0.010156 0.007812
0 0.165625 0.520020 0.018750 0.006836
0 0.381641 0.513184 0.010156 0.008789
0 0.286719 0.512695 0.009375 0.005859
0 0.864453 0.484863 0.028906 0.010742
0 0.401562 0.505371 0.010937 0.004883
0 0.180469 0.522461 0.017188 0.007812
0 0.884375 0.483398 0.040625 0.019531
0 0.294141 0.515625 0.013281 0.007812
