0 0.149609 0.525879 0.017969 0.008789
0 0.063672 0.531250 0.022656 0.009766
0 0.464844 0.499512 0.015625 0.006836
0 0.111719 0.525391 0.015625 0.007812
0 0.353125 0.509766 0.012500 0.005859
0 0.389844 0.507812 0.012500 0.005859
0 0.284375 0.523438 0.023438 0.017578
0 0.334375 0.510254 0.012500 0.004883
0 0.264844 0.519531 0.018750 0.011719
0 0.175000 0.527344 0.034375 0.013672
0 0.304297 0.513672 0.013281 0.005859
0 0.441797 0.502441 0.017969 0.008789
1 0.933984 0.480957 0.055469 0.020508
0 0.294141 0.518066 0.016406 0.010742
0 0.192188 0.526855 0.028125 0.012695
0 0.349609 0.511719 0.013281 0.005859
0 0.205859 0.520508 0.014844 0.007812
0 0.120703 0.525391 0.016406 0.007812
0 0.014844 0.534668 0.029687 0.012695
0 0.187891 0.525391 0.019531 0.011719
0 0.081641 0.529785 0.019531 0.008789
0 0.207031 0.524414 0.023438 0.011719
1 0.063281 0.528809 0.045312 0.016602
0 0.117969 0.526855 0.020313 0.008789
0 0.515234 0.500488 0.021094 0.010742
0 0.289844 0.523926 0.025000 0.016602
0 0.305078 0.517090 0.017969 0.010742
0 0.326172 0.512695 0.013281 0.005859
0 0.227734 0.531738 0.038281 0.020508
0 0.138281 0.525879 0.018750 0.008789
0 0.368750 0.509766 0.012500 0.005859
0 0.145313 0.525879 0.018750 0.008789
0 0.067969 0.530762 0.026562 0.010742
1 0.758594 0.488770 0.031250 0.016602
0 0.327344 0.510742 0.012500 0.005859
1 0.663672 0.492188 0.019531 0.013672
0 0.080859 0.527832 0.022656 0.008789
1 0.179297 0.530273 0.157031 0.060547
0 0.311328 0.512695 0.013281 0.005859
0 0.229687 0.521484 0.014063 0.007812
0 0.114453 0.529297 0.027344 0.011719
0 0.431250 0.504883 0.021875 0.009766
0 0.109375 0.528320 0.021875 0.009766
0 0.448828 0.500977 0.019531 0.007812
0 0.065234 0.533691 0.021094 0.008789
0 0.215625 0.523438 0.021875 0.011719
0 0.291016 0.518066 0.017969 0.010742
0 0.288672 0.524414 0.024219 0.015625
0 0.369922 0.513184 0.013281 0.010742
0 0.995703 0.479980 0.007031 0.016602
0 0.421875 0.507812 0.031250 0.013672
0 0.354297 0.515137 0.013281 0.010742
0 0.980859 0.480957 0.036719 0.016602
0 0.066016 0.533203 0.030469 0.013672
0 0.126953 0.526367 0.019531 0.007812
0 0.554688 0.500000 0.012500 0.009766
0 0.255859 0.517578 0.014844 0.007812
0 0.377734 0.509766 0.013281 0.005859
0 0.223828 0.522461 0.021094 0.011719
1 0.675391 0.484375 0.030469 0.027344
0 0.124609 0.525879 0.016406 0.006836
0 0.310156 0.516602 0.017188 0.009766
0 0.027344 0.530762 0.029687 0.010742
0 0.298047 0.523438 0.019531 0.015625
0 0.217578 0.519043 0.013281 0.006836
0 0.366797 0.509766 0.013281 0.005859
0 0.032031 0.535156 0.031250 0.011719
0 0.197266 0.524902 0.021094 0.010742
