0 0.239063 0.519531 0.012500 0.005859
0 0.178125 0.523438 0.014063 0.005859
0 0.202344 0.519531 0.012500 0.005859
1 0.378906 0.515137 0.048438 0.020508
0 0.421875 0.508301 0.026562 0.012695
0 0.918359 0.484375 0.032031 0.011719
0 0.385937 0.507324 0.009375 0.004883
0 0.985938 0.481445 0.026562 0.013672
0 0.945703 0.483887 0.028906 0.010742
0 0.349609 0.514648 0.075781 0.037109
0 0.417969 0.505371 0.009375 0.004883
0 0.377344 0.514160 0.010937 0.010742
0 0.369922 0.507812 0.010156 0.003906
0 0.344531 0.513184 0.010937 0.008789
0 0.292578 0.518066 0.021094 0.008789
0 0.347266 0.510254 0.010156 0.004883
1 0.788281 0.486816 0.032813 0.012695
0 0.360547 0.512695 0.010156 0.007812
0 0.304297 0.517578 0.017969 0.007812
0 0.385156 0.508789 0.010937 0.003906
0 0.140234 0.526367 0.017969 0.007812
0 0.278125 0.515625 0.009375 0.005859
0 0.984766 0.480957 0.028906 0.010742
0 0.209375 0.519531 0.012500 0.005859
0 0.170313 0.523926 0.017188 0.008789
0 0.288672 0.517578 0.011719 0.007812
0 0.186719 0.522461 0.012500 0.005859
0 0.304297 0.516602 0.013281 0.007812
1 0.217188 0.519531 0.028125 0.011719
0 0.218359 0.520020 0.013281 0.006836
0 0.524219 0.505371 0.031250 0.014648
0 0.415234 0.510742 0.035156 0.015625
1 0.883594 0.484375 0.032813 0.013672
0 0.378906 0.514648 0.012500 0.009766
0 0.912500 0.484863 0.028125 0.010742
0 0.371875 0.511719 0.010937 0.007812
0 0.365234 0.509277 0.010156 0.004883
0 0.353516 0.518555 0.016406 0.011719
0 0.231250 0.519531 0.012500 0.005859
0 0.391016 0.512695 0.046094 0.023438
0 0.400391 0.507324 0.010156 0.004883
0 0.404687 0.515137 0.056250 0.026367
0 0.240234 0.519043 0.011719 0.006836
0 0.334375 0.517090 0.053125 0.022461
0 0.197656 0.521484 0.015625 0.007812
1 0.680859 0.491699 0.016406 0.010742
0 0.364453 0.508301 0.010156 0.004883
0 0.995313 0.480469 0.007812 0.013672
0 0.299219 0.523438 0.075000 0.031250
1 0.626172 0.493652 0.011719 0.008789
0 0.908594 0.484375 0.037500 0.013672
0 0.196094 0.520996 0.014063 0.006836
0 0.353125 0.509766 0.010937 0.003906
0 0.991016 0.502930 0.016406 0.044922
0 0.296875 0.516602 0.009375 0.005859
0 0.239063 0.520508 0.015625 0.007812
0 0.220703 0.520996 0.013281 0.006836
1 0.439063 0.509277 0.048438 0.018555
0 0.176953 0.525391 0.013281 0.005859
0 0.308203 0.516113 0.013281 0.008789
0 0.363281 0.512695 0.010937 0.007812
0 0.375781 0.515625 0.012500 0.009766
0 0.415234 0.508789 0.008594 0.007812
0 0.134766 0.536621 0.039844 0.018555
0 0.840234 0.486328 0.027344 0.009766
0 0.406250 0.510742 0.007812 0.007812
0 0.995313 0.480957 0.007812 0.012695
0 0.819531 0.486816 0.026562 0.010742
0 0.942969 0.483398 0.032813 0.011719
0 0.208594 0.522949 0.015625 0.008789
0 0.224219 0.519531 0.012500 0.005859
0 0.550781 0.499023 0.009375 0.007812
0 0.323047 0.512695 0.010156 0.005859
0 0.407422 0.507324 0.010156 0.004883
0 0.312500 0.515625 0.012500 0.007812
0 0.463281 0.504395 0.021875 0.008789
1 0.635938 0.488281 0.018750 0.019531
0 0.213281 0.520020 0.012500 0.004883
0 0.374219 0.511719 0.010937 0.007812
0 0.165234 0.522461 0.017969 0.007812
0 0.380469 0.514648 0.009375 0.009766
0 0.285156 0.514648 0.009375 0.005859
0 0.854688 0.485840 0.028125 0.010742
0 0.399219 0.507324 0.010937 0.004883
0 0.180078 0.524414 0.017969 0.007812
0 0.870313 0.484375 0.039062 0.019531
0 0.292969 0.517578 0.012500 0.007812
