0 0.164062 0.516113 0.017188 0.006836
0 0.082422 0.520020 0.021094 0.008789
0 0.467187 0.494629 0.014063 0.006836
0 0.125781 0.515137 0.015625 0.006836
0 0.122266 0.528320 0.119531 0.050781
0 0.356641 0.503418 0.011719 0.004883
0 0.393359 0.501953 0.011719 0.005859
0 0.302734 0.514648 0.021094 0.015625
0 0.338672 0.503418 0.011719 0.004883
0 0.278516 0.511230 0.017969 0.010742
0 0.196875 0.517578 0.031250 0.011719
0 0.309766 0.506348 0.013281 0.004883
0 0.448437 0.497070 0.015625 0.007812
1 0.900000 0.483887 0.050000 0.018555
0 0.305078 0.510254 0.014844 0.008789
0 0.213281 0.516602 0.026562 0.011719
0 0.354297 0.504883 0.013281 0.005859
0 0.007031 0.523926 0.014063 0.010742
0 0.216797 0.512207 0.013281 0.006836
0 0.134375 0.515137 0.015625 0.006836
0 0.041797 0.521973 0.028906 0.010742
0 0.205859 0.515625 0.017969 0.009766
0 0.098437 0.518555 0.018750 0.007812
0 0.223828 0.515137 0.021094 0.010742
1 0.092188 0.517578 0.042188 0.015625
0 0.133984 0.516602 0.019531 0.007812
0 0.514844 0.497559 0.021875 0.010742
0 0.307031 0.515137 0.021875 0.014648
0 0.316016 0.509766 0.016406 0.009766
0 0.330859 0.505371 0.013281 0.004883
0 0.254688 0.521484 0.032813 0.017578
0 0.153125 0.515625 0.017188 0.007812
0 0.372656 0.503906 0.012500 0.005859
0 0.160547 0.515625 0.017969 0.007812
0 0.090625 0.519531 0.025000 0.009766
1 0.740234 0.489258 0.027344 0.015625
0 0.332422 0.503906 0.011719 0.005859
1 0.654687 0.490723 0.017188 0.012695
0 0.100391 0.517090 0.021094 0.008789
1 0.315234 0.511230 0.089844 0.036133
0 0.316406 0.505859 0.012500 0.005859
0 0.239844 0.513184 0.012500 0.006836
0 0.136719 0.518066 0.025000 0.010742
0 0.439844 0.499023 0.018750 0.007812
0 0.128125 0.518066 0.020313 0.008789
1 0.078516 0.555664 0.157031 0.138672
0 0.453516 0.496094 0.017969 0.007812
0 0.083203 0.522461 0.019531 0.007812
0 0.231641 0.514160 0.019531 0.010742
0 0.303516 0.510254 0.016406 0.010742
0 0.305469 0.515625 0.021875 0.013672
0 0.377344 0.506348 0.012500 0.010742
0 0.975781 0.484375 0.043750 0.015625
0 0.439844 0.500488 0.025000 0.010742
0 0.362500 0.508789 0.012500 0.009766
0 0.946875 0.484863 0.040625 0.014648
0 0.091797 0.521484 0.027344 0.011719
0 0.142578 0.515625 0.017969 0.007812
0 0.552734 0.496582 0.011719 0.008789
0 0.266406 0.509766 0.014063 0.007812
0 0.381250 0.503418 0.012500 0.004883
0 0.239063 0.513672 0.018750 0.009766
0 0.138672 0.535156 0.157031 0.054688
1 0.666016 0.483887 0.028906 0.026367
0 0.138281 0.516113 0.015625 0.006836
0 0.321094 0.508789 0.015625 0.009766
0 0.050781 0.519043 0.028125 0.008789
0 0.313281 0.514648 0.017188 0.013672
0 0.227344 0.510742 0.012500 0.005859
0 0.987500 0.484375 0.023438 0.015625
0 0.370703 0.503906 0.013281 0.005859
0 0.058594 0.522949 0.028125 0.010742
0 0.213672 0.515137 0.019531 0.010742
