0 0.154688 0.517578 0.017188 0.007812
0 0.070312 0.521973 0.021875 0.008789
0 0.465625 0.494629 0.014063 0.006836
0 0.116406 0.516602 0.015625 0.007812
0 0.016406 0.546387 0.032813 0.075195
0 0.354297 0.503418 0.011719 0.004883
0 0.391406 0.501953 0.012500 0.005859
0 0.291016 0.515625 0.022656 0.015625
0 0.335547 0.503906 0.011719 0.005859
0 0.269531 0.512207 0.018750 0.010742
0 0.182422 0.519043 0.033594 0.012695
0 0.305859 0.506836 0.013281 0.005859
0 0.443750 0.497070 0.017188 0.009766
1 0.921875 0.480469 0.053125 0.019531
0 0.298047 0.510742 0.016406 0.009766
0 0.199609 0.518066 0.027344 0.012695
0 0.351172 0.504883 0.013281 0.005859
0 0.209375 0.513184 0.014063 0.006836
0 0.125000 0.516602 0.015625 0.007812
0 0.023828 0.524414 0.030469 0.011719
0 0.194141 0.517090 0.019531 0.010742
0 0.087109 0.520508 0.019531 0.007812
0 0.212891 0.516113 0.022656 0.010742
1 0.073438 0.520020 0.043750 0.016602
0 0.123047 0.518066 0.019531 0.008789
0 0.514844 0.496094 0.021875 0.009766
0 0.295703 0.516602 0.024219 0.015625
0 0.308594 0.510254 0.017188 0.010742
0 0.327734 0.505859 0.013281 0.005859
0 0.237500 0.523438 0.035937 0.019531
0 0.143359 0.517578 0.017969 0.007812
0 0.370312 0.503906 0.012500 0.005859
0 0.150391 0.517578 0.017969 0.007812
0 0.075781 0.520996 0.026562 0.010742
1 0.752344 0.486328 0.029687 0.015625
0 0.328906 0.504395 0.012500 0.004883
1 0.660547 0.488770 0.019531 0.012695
0 0.087500 0.519043 0.021875 0.008789
1 0.241016 0.517090 0.125781 0.049805
0 0.312891 0.505859 0.013281 0.005859
0 0.233203 0.514160 0.013281 0.006836
0 0.122266 0.520020 0.027344 0.010742
0 0.433984 0.499023 0.021094 0.009766
0 0.116016 0.520020 0.021094 0.008789
0 0.450391 0.495605 0.019531 0.008789
0 0.071484 0.524414 0.021094 0.007812
0 0.221094 0.515137 0.021875 0.010742
0 0.295312 0.511230 0.017188 0.010742
0 0.294531 0.517090 0.023438 0.014648
0 0.372266 0.506348 0.013281 0.010742
0 0.988672 0.480469 0.021094 0.015625
0 0.428906 0.501465 0.028125 0.012695
0 0.357422 0.509277 0.013281 0.010742
0 0.971484 0.481445 0.044531 0.015625
0 0.075000 0.523926 0.029687 0.012695
0 0.132422 0.517578 0.019531 0.007812
0 0.553906 0.495117 0.012500 0.009766
0 0.259766 0.510254 0.014844 0.008789
0 0.378906 0.503418 0.012500 0.004883
0 0.228906 0.514648 0.020313 0.009766
1 0.672266 0.481934 0.030469 0.026367
0 0.129297 0.517090 0.016406 0.006836
0 0.314063 0.509766 0.017188 0.009766
0 0.035547 0.521484 0.028906 0.009766
0 0.303516 0.516113 0.019531 0.014648
0 0.220703 0.512207 0.013281 0.006836
0 0.368359 0.503906 0.013281 0.005859
0 0.041016 0.525391 0.030469 0.011719
0 0.202734 0.516602 0.021094 0.009766
