0 0.190234 0.512207 0.014844 0.006836
0 0.116016 0.514648 0.017969 0.007812
0 0.151953 0.511230 0.014844 0.006836
0 0.300000 0.513672 0.060937 0.027344
0 0.367969 0.504395 0.010937 0.004883
0 0.402734 0.503418 0.011719 0.004883
0 0.331250 0.513184 0.017188 0.012695
0 0.350391 0.504395 0.011719 0.004883
0 0.302734 0.509766 0.014844 0.009766
0 0.231641 0.514160 0.027344 0.010742
0 0.323437 0.506348 0.012500 0.004883
0 0.461719 0.499023 0.014063 0.007812
1 0.864453 0.496582 0.044531 0.016602
0 0.325391 0.509277 0.013281 0.008789
0 0.246484 0.513672 0.022656 0.011719
0 0.365625 0.505859 0.012500 0.005859
0 0.198437 0.523438 0.093750 0.037109
0 0.050781 0.516602 0.021875 0.009766
0 0.238281 0.509766 0.012500 0.005859
0 0.160156 0.511230 0.014063 0.006836
0 0.087500 0.515625 0.025000 0.009766
0 0.235156 0.512695 0.015625 0.009766
0 0.128906 0.514160 0.017188 0.006836
0 0.252734 0.511719 0.017969 0.009766
1 0.137109 0.512207 0.036719 0.014648
0 0.163672 0.512207 0.016406 0.006836
0 0.519531 0.502441 0.023438 0.010742
0 0.096484 0.532227 0.164844 0.060547
1 0.996484 0.497070 0.005469 0.017578
0 0.334375 0.513672 0.018750 0.013672
0 0.336719 0.509277 0.014063 0.008789
0 0.343359 0.505859 0.011719 0.005859
0 0.292969 0.517578 0.026562 0.015625
0 0.180469 0.512207 0.015625 0.006836
0 0.383203 0.504883 0.011719 0.005859
0 0.087109 0.552734 0.174219 0.126953
0 0.188281 0.512207 0.015625 0.006836
0 0.128516 0.514160 0.021094 0.008789
1 0.722656 0.498047 0.023438 0.013672
0 0.344141 0.504395 0.011719 0.004883
1 0.647656 0.498047 0.015625 0.011719
0 0.133594 0.511719 0.018750 0.007812
1 0.405078 0.506348 0.052344 0.022461
0 0.329688 0.505371 0.012500 0.004883
0 0.259766 0.511230 0.011719 0.006836
0 0.173047 0.513672 0.021094 0.009766
0 0.455469 0.500488 0.015625 0.006836
0 0.160547 0.513672 0.017969 0.007812
1 0.270703 0.521973 0.158594 0.059570
0 0.464844 0.498535 0.015625 0.006836
0 0.115625 0.517090 0.017188 0.006836
0 0.259375 0.511719 0.017188 0.009766
0 0.325391 0.509766 0.014844 0.009766
0 0.332031 0.514160 0.018750 0.012695
0 0.391406 0.507812 0.010937 0.009766
0 0.932813 0.498047 0.037500 0.013672
0 0.464062 0.500977 0.018750 0.007812
0 0.378906 0.508789 0.010937 0.009766
0 0.906250 0.498047 0.035937 0.013672
0 0.133594 0.516113 0.023438 0.010742
0 0.171094 0.512207 0.015625 0.006836
0 0.554297 0.501465 0.011719 0.008789
0 0.286719 0.508301 0.012500 0.006836
0 0.391016 0.504883 0.011719 0.005859
0 0.265625 0.511230 0.017188 0.008789
0 0.342578 0.515625 0.066406 0.025391
1 0.658594 0.492188 0.025000 0.023438
0 0.164453 0.511719 0.014844 0.005859
0 0.340625 0.508789 0.014063 0.009766
0 0.091016 0.513184 0.024219 0.008789
0 0.338672 0.513672 0.014844 0.011719
0 0.248047 0.508789 0.011719 0.005859
0 0.952344 0.498047 0.039062 0.013672
0 0.381641 0.504883 0.011719 0.005859
0 0.101562 0.516602 0.023438 0.009766
0 0.242188 0.512207 0.017188 0.008789
