0 0.216016 0.519043 0.013281 0.006836
0 0.148047 0.522461 0.016406 0.007812
0 0.178125 0.518555 0.014063 0.005859
1 0.173047 0.532715 0.075781 0.043945
0 0.369531 0.511719 0.040625 0.019531
0 0.986719 0.484375 0.025000 0.013672
0 0.378516 0.506348 0.010156 0.004883
0 0.003516 0.560059 0.007031 0.174805
0 0.412500 0.504395 0.010937 0.004883
0 0.356250 0.514648 0.014063 0.011719
0 0.361719 0.507324 0.010937 0.004883
0 0.325391 0.513184 0.013281 0.008789
0 0.263672 0.518555 0.024219 0.009766
0 0.337109 0.509277 0.011719 0.004883
0 0.473047 0.498535 0.011719 0.006836
1 0.832031 0.486816 0.039062 0.014648
0 0.344141 0.512207 0.011719 0.008789
0 0.276562 0.517578 0.020313 0.009766
0 0.376953 0.508301 0.011719 0.004883
0 0.337109 0.515625 0.050781 0.021484
0 0.096875 0.525391 0.020313 0.007812
0 0.259375 0.514648 0.010937 0.005859
0 0.185938 0.518066 0.014063 0.006836
0 0.130078 0.523438 0.021094 0.009766
0 0.263281 0.517090 0.014063 0.008789
0 0.158984 0.520996 0.014844 0.006836
0 0.279687 0.516113 0.015625 0.008789
1 0.178516 0.519043 0.032031 0.012695
0 0.191797 0.519043 0.014844 0.006836
0 0.523438 0.501953 0.025000 0.011719
0 0.332031 0.517578 0.064062 0.027344
1 0.958594 0.483887 0.045312 0.016602
0 0.358594 0.515625 0.015625 0.011719
0 0.977344 0.485352 0.034375 0.011719
0 0.355469 0.511230 0.012500 0.008789
0 0.355859 0.508301 0.011719 0.004883
0 0.325391 0.519531 0.021094 0.013672
0 0.207031 0.519043 0.014063 0.006836
0 0.234375 0.525391 0.112500 0.052734
0 0.393750 0.506348 0.010937 0.004883
0 0.301172 0.525879 0.116406 0.051758
0 0.215625 0.518555 0.014063 0.007812
0 0.164062 0.520996 0.018750 0.008789
1 0.705859 0.491699 0.019531 0.012695
0 0.356250 0.507324 0.010937 0.004883
1 0.640625 0.493652 0.014063 0.010742
0 0.985156 0.483398 0.028125 0.017578
0 0.166016 0.519531 0.016406 0.007812
0 0.342969 0.508789 0.010937 0.005859
0 0.279687 0.515625 0.010937 0.005859
0 0.207031 0.520020 0.018750 0.008789
0 0.468359 0.500000 0.013281 0.005859
0 0.191406 0.520508 0.015625 0.007812
1 0.379297 0.515137 0.086719 0.034180
0 0.475000 0.498047 0.014063 0.005859
0 0.147266 0.524902 0.016406 0.006836
0 0.285156 0.516113 0.015625 0.008789
0 0.346094 0.512207 0.012500 0.008789
0 0.355859 0.516113 0.014844 0.010742
0 0.405078 0.508301 0.010156 0.008789
0 0.023828 0.543457 0.047656 0.024414
0 0.892969 0.486328 0.032813 0.011719
0 0.481641 0.499023 0.013281 0.005859
0 0.394141 0.510254 0.010156 0.008789
0 0.869141 0.487305 0.032031 0.011719
0 0.172266 0.522461 0.019531 0.009766
0 0.198437 0.519043 0.014063 0.006836
0 0.555469 0.499023 0.010937 0.007812
0 0.305859 0.512207 0.011719 0.006836
0 0.401562 0.506348 0.010937 0.004883
0 0.290234 0.515137 0.014844 0.008789
0 0.418359 0.509766 0.038281 0.015625
1 0.651172 0.487305 0.022656 0.021484
0 0.189844 0.518555 0.014063 0.005859
0 0.358984 0.511230 0.011719 0.008789
0 0.129297 0.521484 0.021094 0.007812
0 0.361328 0.515137 0.011719 0.010742
0 0.267578 0.513672 0.010156 0.005859
0 0.909766 0.486328 0.033594 0.011719
0 0.392188 0.506836 0.010937 0.005859
0 0.141797 0.523926 0.021094 0.008789
0 0.971094 0.482910 0.056250 0.024414
0 0.268359 0.517090 0.014844 0.008789
