0 0.237500 0.515625 0.012500 0.005859
0 0.175781 0.519043 0.014063 0.006836
0 0.200781 0.515137 0.012500 0.006836
1 0.360547 0.512207 0.057031 0.024414
0 0.412500 0.506348 0.029687 0.014648
0 0.940234 0.482910 0.033594 0.012695
0 0.387500 0.503906 0.009375 0.003906
0 0.966797 0.482422 0.030469 0.011719
0 0.310156 0.514648 0.098437 0.046875
0 0.419922 0.501953 0.010156 0.003906
0 0.376172 0.510742 0.011719 0.009766
0 0.371484 0.504395 0.010156 0.004883
0 0.344141 0.509766 0.011719 0.007812
0 0.289844 0.514160 0.021875 0.008789
0 0.348438 0.506348 0.010937 0.004883
1 0.801562 0.484863 0.034375 0.012695
0 0.360156 0.508789 0.010937 0.007812
0 0.301953 0.514160 0.017969 0.008789
0 0.386719 0.505371 0.010937 0.004883
0 0.135547 0.521484 0.017969 0.007812
0 0.277734 0.511719 0.010156 0.005859
0 0.995703 0.479492 0.007031 0.011719
0 0.207813 0.514648 0.012500 0.005859
0 0.165234 0.519531 0.017969 0.007812
0 0.286719 0.513672 0.010937 0.007812
0 0.184766 0.518066 0.013281 0.006836
0 0.302344 0.512695 0.014063 0.007812
1 0.212891 0.515137 0.028906 0.010742
0 0.216797 0.515625 0.013281 0.005859
0 0.526172 0.501465 0.028906 0.014648
0 0.404687 0.508301 0.039062 0.016602
1 0.904687 0.482422 0.035937 0.013672
0 0.377734 0.511230 0.013281 0.010742
0 0.932031 0.483398 0.029687 0.011719
0 0.371875 0.507812 0.010937 0.007812
0 0.366406 0.505859 0.010937 0.003906
0 0.351172 0.514648 0.017969 0.011719
0 0.229687 0.515137 0.012500 0.006836
0 0.372266 0.510742 0.053906 0.027344
0 0.401953 0.503906 0.010156 0.003906
0 0.391016 0.513672 0.064844 0.031250
0 0.238672 0.515137 0.011719 0.006836
0 0.260156 0.521484 0.050000 0.027344
0 0.194141 0.517578 0.016406 0.007812
1 0.689844 0.489746 0.017188 0.010742
0 0.366016 0.504395 0.010156 0.004883
0 0.223047 0.526855 0.107031 0.043945
1 0.632812 0.491211 0.012500 0.009766
0 0.932422 0.481934 0.039844 0.014648
0 0.193359 0.516113 0.014844 0.006836
0 0.353906 0.506348 0.010937 0.004883
0 0.296875 0.512695 0.009375 0.005859
0 0.235937 0.516113 0.015625 0.008789
0 0.218359 0.516602 0.013281 0.007812
1 0.430469 0.507324 0.056250 0.022461
0 0.174219 0.520996 0.014063 0.006836
0 0.306641 0.512207 0.013281 0.008789
0 0.362891 0.508789 0.011719 0.007812
0 0.375000 0.511719 0.012500 0.009766
0 0.416406 0.505371 0.009375 0.008789
0 0.116016 0.533691 0.042969 0.018555
0 0.856641 0.484863 0.028906 0.010742
0 0.406641 0.506836 0.008594 0.007812
0 0.835156 0.485352 0.028125 0.011719
0 0.966406 0.481934 0.034375 0.012695
0 0.204297 0.519043 0.016406 0.008789
0 0.222266 0.515625 0.013281 0.005859
0 0.555078 0.496094 0.010156 0.007812
0 0.322266 0.508789 0.010156 0.005859
0 0.409375 0.503418 0.010937 0.004883
0 0.310937 0.511719 0.012500 0.007812
0 0.457031 0.502930 0.025000 0.009766
1 0.642969 0.485352 0.018750 0.019531
0 0.211719 0.515625 0.012500 0.005859
0 0.374219 0.507812 0.010937 0.007812
0 0.161328 0.517578 0.017969 0.007812
0 0.379297 0.511719 0.010156 0.009766
0 0.284375 0.510742 0.009375 0.005859
0 0.871484 0.484863 0.028906 0.010742
0 0.400781 0.504395 0.010937 0.004883
0 0.176172 0.520020 0.017969 0.008789
0 0.896094 0.482910 0.043750 0.020508
0 0.291016 0.513672 0.013281 0.007812
