0 0.086328 0.537598 0.025781 0.010742
0 0.451562 0.503418 0.029687 0.012695
0 0.053906 0.536621 0.018750 0.008789
0 0.347656 0.513184 0.014063 0.006836
0 0.388672 0.510254 0.014844 0.006836
0 0.137109 0.545410 0.060156 0.032227
0 0.325781 0.514160 0.014063 0.006836
0 0.184375 0.531738 0.032813 0.016602
0 0.028125 0.547363 0.054688 0.020508
0 0.289844 0.518066 0.015625 0.006836
0 0.388281 0.509766 0.037500 0.019531
0 0.238672 0.527832 0.025781 0.014648
0 0.052344 0.546387 0.046875 0.020508
0 0.341406 0.515137 0.015625 0.006836
0 0.159766 0.529785 0.019531 0.008789
0 0.064062 0.536133 0.018750 0.009766
0 0.085938 0.540527 0.034375 0.016602
0 0.009766 0.543457 0.019531 0.010742
0 0.105859 0.539062 0.039844 0.017578
0 0.040234 0.540039 0.028906 0.011719
0 0.534375 0.496582 0.018750 0.008789
0 0.157422 0.544922 0.058594 0.029297
0 0.242969 0.527344 0.029687 0.015625
0 0.314063 0.517090 0.015625 0.006836
0 0.012500 0.571289 0.025000 0.046875
0 0.070312 0.537598 0.026562 0.010742
0 0.363672 0.513184 0.014844 0.006836
0 0.070703 0.538574 0.027344 0.010742
1 0.956641 0.472656 0.077344 0.029297
0 0.318750 0.514648 0.014063 0.005859
1 0.756641 0.483887 0.036719 0.020508
0 0.297656 0.517090 0.015625 0.006836
0 0.188281 0.530762 0.018750 0.008789
0 0.003125 0.547852 0.006250 0.017578
0 0.336328 0.518066 0.055469 0.022461
0 0.015234 0.543945 0.030469 0.013672
0 0.422656 0.505371 0.034375 0.014648
0 0.122656 0.537598 0.037500 0.016602
0 0.220312 0.529297 0.031250 0.017578
0 0.164453 0.544922 0.053906 0.027344
0 0.339453 0.519531 0.021094 0.015625
0 0.312500 0.523438 0.023438 0.015625
0 0.054297 0.538574 0.027344 0.010742
0 0.589453 0.497559 0.016406 0.012695
0 0.208984 0.525879 0.021094 0.010742
0 0.374219 0.512207 0.015625 0.006836
0 0.138281 0.535645 0.034375 0.016602
1 0.768750 0.472656 0.057813 0.041016
0 0.067969 0.537109 0.018750 0.007812
0 0.253516 0.526367 0.028906 0.015625
0 0.187109 0.542480 0.044531 0.026367
0 0.177734 0.527832 0.017969 0.008789
0 0.360938 0.513184 0.015625 0.006836
0 0.104688 0.539062 0.034375 0.015625
