0 0.173437 0.515625 0.015625 0.007812
0 0.094922 0.519531 0.019531 0.007812
0 0.469141 0.493164 0.013281 0.005859
0 0.135156 0.515137 0.015625 0.006836
0 0.219531 0.520020 0.085938 0.038086
0 0.360547 0.502441 0.011719 0.004883
0 0.396484 0.500977 0.011719 0.005859
0 0.314063 0.513184 0.018750 0.014648
0 0.341797 0.502930 0.011719 0.005859
0 0.287891 0.510254 0.016406 0.010742
0 0.210156 0.516602 0.029687 0.011719
0 0.314063 0.505371 0.012500 0.004883
0 0.452734 0.495605 0.014844 0.008789
1 0.882422 0.481934 0.047656 0.018555
0 0.312500 0.509277 0.014063 0.008789
0 0.226172 0.515625 0.024219 0.011719
0 0.357812 0.503906 0.012500 0.005859
0 0.037891 0.544434 0.075781 0.057617
0 0.021094 0.523438 0.023438 0.009766
0 0.224609 0.511230 0.013281 0.006836
0 0.143359 0.514648 0.014844 0.007812
0 0.059766 0.521484 0.027344 0.009766
0 0.217188 0.514648 0.017188 0.009766
0 0.109766 0.518555 0.017969 0.007812
0 0.235156 0.514160 0.020313 0.010742
1 0.110156 0.516602 0.039062 0.015625
0 0.144922 0.515625 0.017969 0.007812
0 0.515234 0.496582 0.022656 0.010742
0 0.317969 0.513672 0.020313 0.013672
0 0.323437 0.508789 0.015625 0.009766
0 0.335156 0.504883 0.012500 0.005859
0 0.270313 0.519531 0.029687 0.017578
0 0.162891 0.515625 0.016406 0.007812
0 0.375781 0.502930 0.012500 0.005859
0 0.170703 0.515625 0.016406 0.007812
0 0.105078 0.518555 0.022656 0.009766
1 0.730859 0.486816 0.025781 0.014648
0 0.336328 0.503418 0.011719 0.004883
1 0.650391 0.489258 0.016406 0.011719
0 0.112500 0.516602 0.020313 0.007812
1 0.358984 0.506836 0.069531 0.029297
0 0.321094 0.504883 0.012500 0.005859
0 0.246875 0.512207 0.012500 0.006836
0 0.150781 0.517578 0.023438 0.009766
0 0.445703 0.497070 0.017969 0.007812
0 0.140625 0.517578 0.018750 0.007812
1 0.139844 0.536133 0.256250 0.089844
0 0.457031 0.494629 0.017188 0.006836
0 0.095312 0.522461 0.018750 0.007812
0 0.242188 0.513184 0.018750 0.010742
0 0.311719 0.509277 0.015625 0.010742
0 0.315625 0.514648 0.020313 0.013672
0 0.382031 0.505371 0.012500 0.010742
0 0.954688 0.481934 0.040625 0.014648
0 0.449609 0.498047 0.021094 0.009766
0 0.368359 0.507324 0.011719 0.008789
0 0.926953 0.482910 0.038281 0.014648
0 0.108203 0.520996 0.025781 0.010742
0 0.153125 0.515625 0.017188 0.007812
0 0.551953 0.494629 0.011719 0.008789
0 0.273438 0.508789 0.014063 0.007812
0 0.384375 0.502441 0.012500 0.004883
0 0.248828 0.512695 0.017969 0.009766
0 0.251563 0.523438 0.103125 0.037109
1 0.661328 0.482422 0.027344 0.025391
0 0.147656 0.515625 0.015625 0.005859
0 0.328125 0.507812 0.015625 0.009766
0 0.066016 0.518555 0.025781 0.009766
0 0.323047 0.513672 0.016406 0.013672
0 0.234375 0.510254 0.012500 0.006836
0 0.975781 0.481934 0.042188 0.014648
0 0.374219 0.502930 0.012500 0.005859
0 0.075000 0.521973 0.026562 0.010742
0 0.224219 0.514648 0.018750 0.009766
