0 0.208594 0.514160 0.014063 0.006836
0 0.138672 0.518066 0.016406 0.006836
0 0.170313 0.513672 0.014063 0.005859
1 0.026172 0.539062 0.052344 0.058594
0 0.351562 0.508301 0.045312 0.020508
0 0.995703 0.477539 0.007031 0.015625
0 0.375781 0.501465 0.010937 0.004883
0 0.409375 0.499512 0.010937 0.004883
0 0.348828 0.510254 0.014844 0.012695
0 0.358594 0.501953 0.010937 0.003906
0 0.318750 0.508301 0.014063 0.008789
0 0.254297 0.513672 0.025781 0.009766
0 0.333203 0.504395 0.011719 0.004883
0 0.470313 0.493652 0.012500 0.006836
1 0.842187 0.480469 0.040625 0.015625
0 0.339062 0.507812 0.012500 0.007812
0 0.268359 0.513184 0.021094 0.010742
0 0.373828 0.503418 0.011719 0.004883
0 0.305859 0.514160 0.060156 0.024414
0 0.083594 0.521973 0.020313 0.008789
0 0.253125 0.510254 0.010937 0.006836
0 0.178125 0.513672 0.014063 0.005859
0 0.117578 0.519531 0.022656 0.009766
0 0.255469 0.513184 0.014063 0.008789
0 0.150000 0.517090 0.015625 0.006836
0 0.271875 0.511719 0.017188 0.009766
1 0.166797 0.514648 0.033594 0.013672
0 0.183594 0.514648 0.015625 0.007812
0 0.523047 0.496094 0.024219 0.011719
0 0.286719 0.517578 0.081250 0.033203
1 0.976172 0.477051 0.046094 0.016602
0 0.351172 0.510742 0.016406 0.011719
0 0.987109 0.479004 0.024219 0.012695
0 0.350391 0.506348 0.013281 0.008789
0 0.351953 0.503418 0.011719 0.004883
0 0.316016 0.515625 0.022656 0.013672
0 0.199219 0.514160 0.014063 0.006836
0 0.134766 0.529297 0.161719 0.072266
0 0.390625 0.501465 0.010937 0.004883
0 0.250000 0.527344 0.148438 0.064453
0 0.207813 0.514160 0.014063 0.006836
0 0.153516 0.517090 0.019531 0.008789
1 0.711328 0.485840 0.021094 0.012695
0 0.352734 0.502441 0.011719 0.004883
1 0.642969 0.487793 0.014063 0.010742
0 0.996094 0.476562 0.006250 0.017578
0 0.156250 0.515137 0.017188 0.006836
1 0.435156 0.500977 0.039062 0.017578
0 0.339453 0.503906 0.011719 0.005859
0 0.274219 0.511230 0.010937 0.006836
0 0.197266 0.515625 0.019531 0.009766
0 0.464844 0.495117 0.014063 0.005859
0 0.182422 0.515625 0.016406 0.007812
1 0.354687 0.512695 0.101562 0.039062
0 0.471875 0.492676 0.014063 0.006836
0 0.137891 0.520508 0.016406 0.007812
0 0.277344 0.511230 0.015625 0.008789
0 0.340234 0.507324 0.013281 0.008789
0 0.348828 0.511719 0.016406 0.011719
0 0.401172 0.503418 0.010156 0.008789
0 0.005859 0.541992 0.011719 0.025391
0 0.905469 0.479980 0.034375 0.012695
0 0.476953 0.494629 0.014844 0.006836
0 0.390234 0.505371 0.010156 0.008789
0 0.880469 0.480957 0.032813 0.012695
0 0.160938 0.518555 0.020313 0.009766
0 0.190234 0.514160 0.014844 0.006836
0 0.555469 0.493164 0.010937 0.007812
0 0.300391 0.507324 0.011719 0.006836
0 0.398438 0.501465 0.010937 0.004883
0 0.282813 0.510742 0.015625 0.007812
0 0.400391 0.506836 0.044531 0.017578
1 0.653516 0.481445 0.022656 0.021484
0 0.182031 0.514648 0.014063 0.005859
0 0.353516 0.506348 0.013281 0.008789
0 0.117969 0.517090 0.021875 0.008789
0 0.354687 0.510742 0.012500 0.011719
0 0.261719 0.508789 0.010937 0.005859
0 0.923047 0.479980 0.035156 0.012695
0 0.389453 0.501953 0.011719 0.005859
0 0.130078 0.520020 0.021094 0.008789
0 0.983984 0.475586 0.030469 0.027344
0 0.260937 0.512207 0.015625 0.008789
