0 0.024219 0.545410 0.031250 0.012695
0 0.404297 0.512695 0.046094 0.019531
0 0.003125 0.543457 0.006250 0.010742
0 0.329688 0.517090 0.015625 0.006836
0 0.373437 0.514160 0.015625 0.006836
0 0.306641 0.518066 0.014844 0.006836
0 0.100781 0.541992 0.046875 0.021484
0 0.265625 0.522949 0.017188 0.006836
0 0.274609 0.524902 0.071094 0.034180
0 0.179688 0.536133 0.034375 0.017578
0 0.321875 0.520020 0.017188 0.006836
0 0.112109 0.536621 0.024219 0.010742
0 0.008594 0.542969 0.017188 0.009766
0 0.004687 0.552246 0.009375 0.020508
0 0.016797 0.551270 0.033594 0.022461
0 0.531641 0.499512 0.017969 0.008789
0 0.021094 0.569336 0.042188 0.046875
0 0.176563 0.537109 0.040625 0.019531
0 0.292187 0.521484 0.017188 0.007812
0 0.010156 0.546387 0.020313 0.012695
0 0.346484 0.517578 0.016406 0.007812
0 0.008203 0.546875 0.016406 0.013672
0 0.298438 0.519043 0.015625 0.006836
1 0.810937 0.484863 0.054688 0.026367
0 0.274219 0.521973 0.017188 0.006836
0 0.144141 0.537598 0.022656 0.010742
0 0.067187 0.553711 0.134375 0.056641
0 0.375000 0.513184 0.048438 0.020508
0 0.029687 0.548828 0.051562 0.021484
0 0.145703 0.539551 0.044531 0.022461
0 0.029687 0.567871 0.059375 0.041992
0 0.301172 0.526855 0.027344 0.018555
0 0.263672 0.532227 0.032031 0.019531
0 0.598047 0.501953 0.019531 0.015625
0 0.160156 0.532715 0.026562 0.012695
0 0.357812 0.517090 0.017188 0.006836
0 0.053516 0.546387 0.047656 0.020508
1 0.821094 0.470703 0.082812 0.050781
0 0.010937 0.543945 0.021875 0.009766
0 0.192578 0.535156 0.038281 0.019531
0 0.052734 0.562500 0.078906 0.039062
0 0.134766 0.534180 0.021094 0.009766
0 0.342578 0.518066 0.017969 0.006836
0 0.018750 0.549805 0.037500 0.019531
