0 0.235547 0.514648 0.011719 0.005859
0 0.173047 0.518066 0.014844 0.006836
0 0.198437 0.514648 0.012500 0.005859
1 0.352734 0.511719 0.058594 0.025391
0 0.407813 0.505859 0.031250 0.015625
0 0.944922 0.482910 0.033594 0.012695
0 0.386328 0.502930 0.010156 0.003906
0 0.971484 0.482422 0.030469 0.011719
0 0.293359 0.515137 0.107031 0.051758
0 0.419141 0.501465 0.010156 0.004883
0 0.373828 0.510254 0.011719 0.010742
0 0.370703 0.503418 0.010156 0.004883
0 0.341797 0.508789 0.011719 0.007812
0 0.287500 0.513672 0.021875 0.009766
0 0.346875 0.505859 0.010937 0.003906
1 0.804688 0.484375 0.034375 0.013672
0 0.358594 0.508301 0.010937 0.006836
0 0.299609 0.513184 0.017969 0.008789
0 0.385156 0.504395 0.010937 0.004883
0 0.391797 0.506348 0.035156 0.014648
0 0.131641 0.520508 0.017969 0.007812
0 0.275391 0.510742 0.010156 0.005859
0 0.205859 0.513672 0.013281 0.005859
0 0.162109 0.518555 0.017969 0.007812
0 0.284766 0.512695 0.011719 0.007812
0 0.182031 0.517090 0.014063 0.006836
0 0.300000 0.512207 0.014063 0.008789
1 0.209766 0.514648 0.028906 0.011719
0 0.214453 0.514648 0.013281 0.005859
0 0.525781 0.500977 0.028125 0.013672
0 0.399609 0.507812 0.041406 0.017578
1 0.909766 0.482422 0.036719 0.013672
0 0.375781 0.510742 0.014063 0.009766
0 0.935937 0.482910 0.029687 0.010742
0 0.369922 0.507812 0.011719 0.007812
0 0.365625 0.505371 0.010937 0.004883
0 0.348828 0.514648 0.017969 0.011719
0 0.227344 0.514648 0.012500 0.005859
0 0.364063 0.510742 0.057813 0.029297
0 0.401172 0.503418 0.010156 0.004883
0 0.384375 0.513184 0.068750 0.032227
0 0.236719 0.514160 0.012500 0.006836
0 0.232031 0.522949 0.043750 0.030273
0 0.191797 0.516602 0.016406 0.007812
1 0.691406 0.489258 0.017188 0.011719
0 0.365234 0.503418 0.010156 0.004883
0 0.188672 0.529297 0.122656 0.048828
1 0.633594 0.490234 0.012500 0.009766
0 0.937500 0.481934 0.040625 0.014648
0 0.191016 0.515137 0.014844 0.006836
0 0.353125 0.505371 0.010937 0.004883
0 0.294922 0.511719 0.010156 0.005859
0 0.233203 0.515137 0.016406 0.008789
0 0.215625 0.516113 0.014063 0.006836
1 0.426563 0.507324 0.057813 0.022461
0 0.171875 0.520020 0.014063 0.006836
0 0.304297 0.511719 0.013281 0.007812
0 0.361328 0.507812 0.011719 0.007812
0 0.373047 0.511230 0.013281 0.010742
0 0.415234 0.504883 0.008594 0.007812
0 0.108203 0.533203 0.044531 0.019531
0 0.860156 0.484863 0.029687 0.010742
0 0.405469 0.506836 0.009375 0.007812
0 0.838281 0.484863 0.028125 0.010742
0 0.971484 0.481934 0.035156 0.012695
0 0.201172 0.518066 0.016406 0.008789
0 0.219922 0.514648 0.013281 0.005859
0 0.555078 0.495605 0.010156 0.006836
0 0.320703 0.508301 0.010156 0.006836
0 0.408594 0.502930 0.010937 0.003906
0 0.308984 0.510742 0.013281 0.007812
0 0.453516 0.502441 0.025781 0.010742
1 0.643359 0.485352 0.019531 0.019531
0 0.209766 0.514648 0.013281 0.005859
0 0.372656 0.506836 0.010937 0.007812
0 0.158203 0.516602 0.019531 0.007812
0 0.377734 0.510742 0.010156 0.009766
0 0.282813 0.509766 0.009375 0.005859
0 0.875000 0.484375 0.029687 0.011719
0 0.400000 0.503418 0.010937 0.004883
0 0.172656 0.519043 0.018750 0.008789
0 0.902734 0.482422 0.044531 0.021484
0 0.288672 0.512695 0.013281 0.007812
