0 0.236328 0.519531 0.011719 0.005859
0 0.175781 0.523926 0.014063 0.006836
0 0.199219 0.520508 0.012500 0.005859
1 0.382812 0.513672 0.045312 0.019531
0 0.421875 0.507324 0.025000 0.012695
0 0.907031 0.481445 0.031250 0.011719
0 0.382812 0.506836 0.009375 0.003906
0 0.978516 0.477539 0.038281 0.013672
0 0.933984 0.480469 0.027344 0.009766
0 0.357812 0.513184 0.070312 0.034180
0 0.414844 0.504883 0.009375 0.003906
0 0.375391 0.513672 0.010156 0.009766
0 0.366797 0.507324 0.010156 0.004883
0 0.995313 0.476074 0.007812 0.010742
0 0.342578 0.512695 0.011719 0.007812
0 0.291016 0.518066 0.021094 0.008789
0 0.344531 0.510254 0.010937 0.004883
1 0.780078 0.484863 0.032031 0.012695
0 0.358203 0.512207 0.010156 0.006836
0 0.302734 0.517090 0.017969 0.008789
0 0.382031 0.508301 0.010937 0.004883
0 0.138672 0.526855 0.017969 0.006836
0 0.275391 0.515625 0.010156 0.005859
0 0.973047 0.477539 0.030469 0.009766
0 0.206250 0.519531 0.012500 0.005859
0 0.168359 0.524414 0.017969 0.007812
0 0.286719 0.517578 0.010937 0.007812
0 0.183984 0.522949 0.013281 0.006836
0 0.301953 0.516602 0.013281 0.007812
1 0.215625 0.519531 0.028125 0.011719
0 0.216016 0.520508 0.013281 0.005859
0 0.523438 0.504883 0.032813 0.015625
0 0.416797 0.509277 0.033594 0.014648
1 0.873047 0.481934 0.032031 0.012695
0 0.376563 0.514160 0.012500 0.010742
0 0.901953 0.481934 0.027344 0.010742
0 0.369531 0.511719 0.010937 0.007812
0 0.362109 0.509277 0.010156 0.004883
0 0.351953 0.517578 0.016406 0.011719
0 0.228906 0.520020 0.012500 0.006836
0 0.394531 0.511230 0.043750 0.022461
0 0.397266 0.506836 0.010156 0.003906
0 0.407031 0.513672 0.053125 0.025391
0 0.237891 0.519531 0.011719 0.005859
0 0.346094 0.515137 0.048438 0.020508
0 0.195703 0.522461 0.014844 0.007812
1 0.675000 0.489746 0.015625 0.010742
0 0.362109 0.507812 0.010156 0.003906
0 0.988281 0.477539 0.021875 0.013672
0 0.317578 0.520996 0.066406 0.028320
1 0.621484 0.492188 0.011719 0.009766
0 0.896484 0.481445 0.036719 0.013672
0 0.193750 0.520996 0.014063 0.006836
0 0.912891 0.521973 0.102344 0.083008
0 0.350000 0.509277 0.010937 0.004883
0 0.978125 0.499023 0.042188 0.042969
0 0.294531 0.516602 0.009375 0.005859
0 0.237109 0.520508 0.014844 0.007812
0 0.218359 0.520996 0.013281 0.006836
1 0.440625 0.507812 0.045312 0.017578
0 0.174609 0.525879 0.013281 0.006836
0 0.306250 0.515625 0.012500 0.007812
0 0.360938 0.511719 0.010937 0.007812
0 0.374219 0.514648 0.012500 0.009766
0 0.412891 0.508301 0.008594 0.008789
0 0.137891 0.537109 0.038281 0.017578
0 0.831641 0.483887 0.027344 0.010742
0 0.403516 0.509766 0.008594 0.007812
0 0.988672 0.477539 0.021094 0.011719
0 0.811328 0.484863 0.025781 0.010742
0 0.930859 0.480469 0.032031 0.011719
0 0.206641 0.522949 0.016406 0.008789
0 0.221875 0.520020 0.012500 0.006836
0 0.546875 0.497559 0.009375 0.006836
0 0.320312 0.512695 0.009375 0.005859
0 0.404297 0.506348 0.010156 0.004883
0 0.310156 0.515625 0.012500 0.007812
0 0.463281 0.503418 0.020313 0.008789
1 0.631250 0.486816 0.018750 0.018555
0 0.210547 0.520508 0.013281 0.005859
0 0.371875 0.510742 0.010937 0.007812
0 0.162891 0.522949 0.017969 0.006836
0 0.378125 0.514160 0.009375 0.008789
0 0.282031 0.515137 0.009375 0.004883
0 0.844922 0.483398 0.027344 0.009766
0 0.396484 0.507324 0.010156 0.004883
0 0.178125 0.524902 0.017188 0.008789
0 0.857812 0.481934 0.037500 0.018555
0 0.290625 0.517578 0.012500 0.007812
