0 0.233984 0.520508 0.011719 0.005859
0 0.173437 0.524902 0.014063 0.006836
0 0.196484 0.521484 0.013281 0.005859
1 0.387109 0.513184 0.042969 0.018555
0 0.422656 0.507324 0.023438 0.012695
0 0.895312 0.480957 0.029687 0.010742
0 0.379297 0.507812 0.010156 0.003906
0 0.963672 0.477539 0.036719 0.013672
0 0.922266 0.480469 0.027344 0.009766
0 0.366406 0.513184 0.064062 0.032227
0 0.411328 0.505371 0.010156 0.004883
0 0.373047 0.514160 0.010156 0.010742
0 0.363672 0.508301 0.010156 0.004883
0 0.988672 0.476074 0.021094 0.010742
0 0.339844 0.513672 0.010937 0.007812
0 0.288672 0.519043 0.021094 0.008789
0 0.341016 0.511230 0.010156 0.004883
1 0.771875 0.484863 0.031250 0.012695
0 0.355078 0.512695 0.010156 0.007812
0 0.300781 0.518066 0.017188 0.008789
0 0.378516 0.509277 0.010156 0.004883
0 0.136719 0.527832 0.017188 0.006836
0 0.272266 0.516602 0.010156 0.005859
0 0.960156 0.477051 0.029687 0.010742
0 0.203516 0.520508 0.013281 0.005859
0 0.166406 0.525391 0.017188 0.007812
0 0.284375 0.518555 0.010937 0.007812
0 0.181250 0.524414 0.012500 0.005859
0 0.299609 0.517090 0.013281 0.008789
1 0.214062 0.520508 0.028125 0.011719
0 0.213281 0.521484 0.012500 0.005859
0 0.524219 0.505859 0.035937 0.017578
0 0.418750 0.509766 0.031250 0.013672
1 0.861328 0.481934 0.030469 0.012695
0 0.374219 0.514648 0.012500 0.009766
0 0.890625 0.481445 0.026562 0.009766
0 0.366797 0.511719 0.010156 0.007812
0 0.358984 0.509766 0.010156 0.003906
0 0.350391 0.518555 0.016406 0.011719
0 0.226172 0.520996 0.011719 0.006836
0 0.398438 0.511230 0.040625 0.020508
0 0.394141 0.507324 0.010156 0.004883
1 0.994531 0.496094 0.009375 0.050781
0 0.409375 0.514160 0.050000 0.024414
0 0.235547 0.520508 0.011719 0.005859
0 0.193359 0.523438 0.014844 0.007812
1 0.668750 0.490234 0.015625 0.009766
0 0.358203 0.508301 0.010156 0.004883
0 0.980859 0.477051 0.036719 0.012695
0 0.333984 0.519531 0.058594 0.025391
1 0.616406 0.492188 0.010937 0.009766
0 0.883984 0.480957 0.035156 0.012695
0 0.191406 0.521973 0.014063 0.006836
0 0.714453 0.520996 0.085156 0.063477
0 0.346875 0.510254 0.010937 0.004883
0 0.975781 0.497070 0.046875 0.041016
0 0.291406 0.517578 0.009375 0.005859
0 0.235156 0.521484 0.015625 0.007812
0 0.216016 0.521973 0.013281 0.006836
1 0.442969 0.507324 0.042188 0.016602
0 0.992969 0.476074 0.012500 0.016602
0 0.171484 0.527344 0.013281 0.005859
0 0.303906 0.516602 0.012500 0.007812
0 0.358594 0.512695 0.010937 0.007812
0 0.371875 0.515625 0.012500 0.009766
0 0.409766 0.508789 0.008594 0.007812
0 0.139844 0.537109 0.037500 0.017578
0 0.822266 0.483398 0.025781 0.009766
0 0.400781 0.510254 0.007812 0.006836
0 0.980078 0.477539 0.032031 0.011719
0 0.802344 0.484375 0.025000 0.009766
0 0.918359 0.480469 0.030469 0.011719
0 0.204687 0.523926 0.015625 0.008789
0 0.218750 0.520996 0.012500 0.006836
0 0.542969 0.497559 0.009375 0.006836
0 0.991797 0.476074 0.014844 0.012695
0 0.317578 0.513672 0.010156 0.005859
0 0.401172 0.507324 0.010156 0.004883
0 0.307812 0.516602 0.012500 0.007812
1 0.626172 0.486816 0.017969 0.018555
0 0.207422 0.521484 0.013281 0.005859
0 0.369141 0.511719 0.010156 0.007812
0 0.996484 0.476074 0.005469 0.010742
0 0.160547 0.523926 0.017969 0.006836
0 0.375781 0.514648 0.009375 0.009766
0 0.278906 0.515625 0.009375 0.005859
0 0.835156 0.483398 0.026562 0.009766
0 0.392969 0.507324 0.010937 0.004883
0 0.176172 0.525879 0.016406 0.008789
0 0.844922 0.481934 0.035156 0.018555
0 0.288281 0.518066 0.012500 0.006836
