0 0.234766 0.518555 0.011719 0.005859
0 0.175000 0.522461 0.014063 0.005859
0 0.197656 0.518555 0.012500 0.005859
1 0.391797 0.510254 0.041406 0.018555
0 0.426172 0.503906 0.022656 0.011719
0 0.893750 0.478027 0.029687 0.010742
0 0.380078 0.504883 0.010156 0.003906
0 0.961328 0.474609 0.036719 0.013672
0 0.920312 0.477539 0.026562 0.009766
0 0.374609 0.509277 0.060156 0.030273
0 0.412109 0.502930 0.010156 0.003906
0 0.374219 0.511719 0.010937 0.009766
0 0.364453 0.505371 0.010156 0.004883
0 0.987891 0.473145 0.022656 0.010742
0 0.341016 0.510742 0.010156 0.007812
0 0.290234 0.516113 0.021094 0.008789
0 0.341797 0.508301 0.010156 0.004883
1 0.771094 0.481934 0.031250 0.012695
0 0.355859 0.510254 0.010156 0.006836
0 0.301563 0.515625 0.017188 0.007812
0 0.379297 0.506348 0.010156 0.004883
0 0.138672 0.525391 0.017969 0.007812
0 0.273438 0.514160 0.009375 0.004883
0 0.958203 0.474609 0.028906 0.009766
0 0.204687 0.518555 0.012500 0.005859
0 0.167969 0.522949 0.017188 0.008789
0 0.285938 0.515625 0.010937 0.007812
0 0.182812 0.521484 0.012500 0.005859
0 0.300781 0.514648 0.012500 0.007812
1 0.215625 0.518066 0.028125 0.010742
0 0.214844 0.518555 0.012500 0.005859
0 0.531250 0.504395 0.040625 0.018555
1 0.859766 0.479004 0.030469 0.012695
0 0.375391 0.511719 0.011719 0.009766
0 0.889062 0.478516 0.026562 0.009766
0 0.367578 0.509277 0.010156 0.006836
0 0.359375 0.507324 0.010937 0.004883
0 0.351172 0.515625 0.016406 0.011719
0 0.227344 0.518066 0.012500 0.006836
0 0.403906 0.507812 0.039062 0.019531
0 0.394141 0.504883 0.010156 0.003906
1 0.989844 0.493164 0.018750 0.048828
0 0.413672 0.511230 0.047656 0.022461
0 0.236328 0.518066 0.011719 0.006836
0 0.194922 0.520508 0.014844 0.007812
1 0.667969 0.487305 0.015625 0.009766
0 0.358984 0.505859 0.010156 0.003906
0 0.978906 0.474121 0.037500 0.012695
0 0.346094 0.515625 0.054688 0.023438
1 0.616406 0.489746 0.010937 0.008789
0 0.882031 0.478027 0.034375 0.012695
0 0.192969 0.519531 0.014063 0.005859
0 0.601953 0.517578 0.091406 0.052734
0 0.347266 0.507324 0.010156 0.004883
0 0.988672 0.492676 0.021094 0.040039
0 0.292187 0.514648 0.009375 0.005859
0 0.236328 0.518555 0.014844 0.007812
0 0.217578 0.520020 0.013281 0.006836
1 0.448437 0.503418 0.039062 0.014648
0 0.991406 0.473633 0.015625 0.015625
0 0.173047 0.524414 0.013281 0.005859
0 0.304688 0.513672 0.012500 0.007812
0 0.359375 0.509766 0.010937 0.007812
0 0.372656 0.512695 0.012500 0.009766
0 0.409766 0.505859 0.008594 0.007812
0 0.144141 0.534668 0.036719 0.016602
0 0.820703 0.480957 0.025781 0.010742
0 0.401172 0.507812 0.008594 0.007812
0 0.978125 0.474609 0.031250 0.011719
0 0.801172 0.481445 0.025781 0.009766
0 0.916797 0.477539 0.030469 0.011719
0 0.206250 0.521973 0.015625 0.008789
0 0.220312 0.518555 0.012500 0.005859
0 0.542969 0.495605 0.009375 0.006836
0 0.990234 0.473633 0.017969 0.013672
0 0.318359 0.510742 0.010156 0.005859
0 0.401953 0.504395 0.010156 0.004883
0 0.308984 0.513672 0.011719 0.007812
1 0.625781 0.483887 0.017188 0.018555
0 0.208594 0.519043 0.012500 0.004883
0 0.369922 0.508789 0.010156 0.007812
0 0.995313 0.473633 0.007812 0.011719
0 0.162109 0.521484 0.017969 0.007812
0 0.376563 0.512207 0.009375 0.008789
0 0.280469 0.513184 0.009375 0.004883
0 0.833984 0.480469 0.025781 0.009766
0 0.393359 0.505371 0.010156 0.004883
0 0.178125 0.523438 0.017188 0.007812
0 0.842578 0.479004 0.035156 0.018555
0 0.289453 0.515625 0.013281 0.007812
