0 0.239453 0.516602 0.011719 0.005859
0 0.178125 0.520020 0.014063 0.006836
0 0.203125 0.516602 0.012500 0.005859
1 0.367578 0.513672 0.053906 0.023438
0 0.416406 0.507324 0.029687 0.014648
0 0.935937 0.483887 0.032813 0.012695
0 0.388281 0.505371 0.009375 0.004883
0 0.996875 0.480957 0.004687 0.014648
0 0.962500 0.483887 0.029687 0.010742
0 0.324609 0.515137 0.091406 0.043945
0 0.420703 0.503418 0.010156 0.004883
0 0.377734 0.512207 0.011719 0.010742
0 0.372266 0.505371 0.010156 0.004883
0 0.345313 0.510742 0.010937 0.007812
0 0.292187 0.516113 0.021875 0.008789
0 0.349219 0.508301 0.010937 0.004883
1 0.799609 0.486328 0.033594 0.013672
0 0.361719 0.510254 0.010937 0.006836
0 0.304297 0.515137 0.017969 0.008789
0 0.387500 0.506348 0.010937 0.004883
0 0.138672 0.522461 0.017969 0.007812
0 0.279297 0.513184 0.010156 0.004883
0 0.993750 0.480957 0.010937 0.010742
0 0.210156 0.516602 0.012500 0.005859
0 0.168359 0.520996 0.017969 0.008789
0 0.288672 0.514648 0.011719 0.007812
0 0.187109 0.519531 0.013281 0.005859
0 0.304297 0.514160 0.013281 0.008789
1 0.215625 0.516602 0.028125 0.011719
0 0.218750 0.517090 0.012500 0.006836
0 0.526953 0.502930 0.028906 0.013672
0 0.408984 0.509277 0.038281 0.016602
1 0.900391 0.484375 0.035156 0.013672
0 0.379297 0.512695 0.013281 0.009766
0 0.928516 0.484863 0.028906 0.010742
0 0.372656 0.509766 0.010937 0.007812
0 0.367188 0.507324 0.010937 0.004883
0 0.353125 0.516602 0.017188 0.011719
0 0.232031 0.516602 0.012500 0.005859
0 0.379297 0.511719 0.052344 0.025391
0 0.402734 0.505371 0.010156 0.004883
0 0.396094 0.514648 0.062500 0.029297
0 0.240625 0.516602 0.012500 0.005859
0 0.284766 0.520996 0.053906 0.026367
0 0.196875 0.518555 0.015625 0.007812
1 0.688672 0.490723 0.016406 0.010742
0 0.366797 0.505859 0.010156 0.003906
0 0.250391 0.525879 0.096094 0.040039
1 0.632422 0.492188 0.011719 0.009766
0 0.927344 0.483887 0.039062 0.014648
0 0.196094 0.518066 0.014063 0.006836
0 0.354687 0.507324 0.010937 0.004883
0 0.298047 0.513672 0.010156 0.005859
0 0.238281 0.517578 0.015625 0.007812
0 0.220703 0.518066 0.013281 0.006836
1 0.433984 0.508789 0.053906 0.021484
0 0.176563 0.522461 0.014063 0.005859
0 0.308203 0.513672 0.013281 0.007812
0 0.364063 0.509766 0.010937 0.007812
0 0.376563 0.513184 0.012500 0.010742
0 0.417187 0.506836 0.009375 0.007812
0 0.123828 0.534668 0.041406 0.018555
0 0.853906 0.485840 0.028125 0.010742
0 0.408203 0.508789 0.008594 0.007812
0 0.832422 0.486816 0.027344 0.010742
0 0.961719 0.482910 0.034375 0.012695
0 0.207422 0.520020 0.016406 0.008789
0 0.224219 0.516602 0.012500 0.005859
0 0.555078 0.497559 0.010156 0.006836
0 0.323828 0.510254 0.010156 0.006836
0 0.410156 0.504883 0.010937 0.003906
0 0.312891 0.513672 0.013281 0.007812
0 0.459766 0.503906 0.024219 0.009766
1 0.642188 0.487305 0.018750 0.019531
0 0.213672 0.517090 0.013281 0.004883
0 0.375781 0.509277 0.010937 0.006836
0 0.164062 0.519043 0.018750 0.006836
0 0.380859 0.512695 0.010156 0.009766
0 0.285938 0.512207 0.009375 0.004883
0 0.868359 0.485840 0.028906 0.010742
0 0.401562 0.505371 0.010937 0.004883
0 0.178906 0.521484 0.017188 0.007812
0 0.890625 0.483887 0.042188 0.020508
0 0.292969 0.514648 0.012500 0.007812
