0 0.095312 0.537598 0.025000 0.010742
0 0.456641 0.503906 0.027344 0.011719
0 0.062500 0.536621 0.018750 0.008789
0 0.350000 0.513672 0.014063 0.005859
0 0.390234 0.510254 0.014844 0.006836
0 0.159766 0.543457 0.053906 0.030273
0 0.328906 0.514648 0.014063 0.005859
0 0.195703 0.530762 0.030469 0.016602
0 0.048828 0.545898 0.052344 0.019531
0 0.292969 0.519043 0.015625 0.006836
0 0.399219 0.509277 0.034375 0.018555
0 0.246875 0.527344 0.025000 0.013672
0 0.071875 0.544922 0.043750 0.019531
0 0.344141 0.516113 0.014844 0.006836
0 0.166797 0.529785 0.019531 0.008789
0 0.072266 0.536133 0.017969 0.009766
0 0.100391 0.539551 0.032031 0.016602
0 0.016016 0.542480 0.027344 0.010742
0 0.120313 0.538574 0.037500 0.016602
0 0.050781 0.539551 0.028125 0.010742
0 0.534375 0.497559 0.018750 0.008789
0 0.178125 0.542480 0.053125 0.028320
0 0.252344 0.527344 0.028125 0.015625
0 0.317188 0.517090 0.015625 0.006836
0 0.030859 0.565918 0.061719 0.041992
0 0.079687 0.537598 0.025000 0.010742
0 0.366016 0.513672 0.014844 0.005859
0 0.081250 0.538086 0.026562 0.011719
1 0.932813 0.474609 0.070312 0.027344
0 0.321094 0.514648 0.014063 0.005859
1 0.747656 0.485352 0.034375 0.019531
0 0.007422 0.541992 0.014844 0.011719
0 0.300781 0.517578 0.015625 0.005859
0 0.194922 0.530762 0.017969 0.008789
0 0.011719 0.546387 0.023438 0.016602
0 0.355078 0.516113 0.049219 0.020508
0 0.026562 0.543457 0.032813 0.012695
0 0.428125 0.505371 0.032813 0.014648
0 0.003516 0.548340 0.007031 0.010742
0 0.135547 0.536621 0.035156 0.016602
0 0.230469 0.528809 0.029687 0.016602
0 0.183203 0.542480 0.049219 0.026367
0 0.344922 0.519531 0.019531 0.015625
0 0.319531 0.523438 0.021875 0.015625
0 0.064453 0.538574 0.027344 0.010742
0 0.587891 0.498535 0.016406 0.012695
0 0.216016 0.525879 0.021094 0.010742
0 0.376172 0.513184 0.014844 0.006836
0 0.150781 0.535156 0.032813 0.015625
1 0.760156 0.474121 0.054688 0.040039
0 0.076563 0.537109 0.018750 0.007812
0 0.262109 0.525879 0.027344 0.014648
0 0.203906 0.540527 0.040625 0.024414
0 0.183984 0.527832 0.017969 0.008789
0 0.363281 0.514160 0.015625 0.006836
0 0.117578 0.538086 0.033594 0.015625
