0 0.233984 0.520508 0.011719 0.005859
0 0.173437 0.524902 0.014063 0.006836
0 0.196875 0.521484 0.012500 0.005859
1 0.385156 0.513672 0.043750 0.019531
0 0.422266 0.507812 0.024219 0.011719
0 0.898047 0.480957 0.030469 0.010742
0 0.380078 0.507812 0.010156 0.003906
0 0.967187 0.477539 0.037500 0.013672
0 0.925000 0.480469 0.026562 0.009766
0 0.363672 0.513184 0.066406 0.032227
0 0.412109 0.505371 0.010156 0.004883
0 0.373437 0.514160 0.010937 0.010742
0 0.364453 0.508301 0.010156 0.004883
0 0.990234 0.476074 0.017969 0.010742
0 0.340625 0.513672 0.010937 0.007812
0 0.288672 0.519043 0.021094 0.008789
0 0.341406 0.511230 0.010937 0.004883
1 0.773438 0.484863 0.031250 0.012695
0 0.355859 0.512695 0.010156 0.007812
0 0.300781 0.518066 0.017188 0.008789
0 0.379297 0.509277 0.010156 0.004883
0 0.136719 0.527832 0.017188 0.006836
0 0.273047 0.516602 0.010156 0.005859
0 0.963281 0.477051 0.029687 0.010742
0 0.203906 0.520508 0.012500 0.005859
0 0.166406 0.525391 0.017188 0.007812
0 0.284375 0.518555 0.010937 0.007812
0 0.181641 0.524414 0.013281 0.005859
0 0.299609 0.517578 0.013281 0.007812
1 0.214062 0.520508 0.028125 0.011719
0 0.213672 0.521484 0.013281 0.005859
0 0.523047 0.505371 0.035156 0.016602
0 0.417578 0.509766 0.032031 0.013672
1 0.864062 0.481445 0.031250 0.013672
0 0.374609 0.514648 0.011719 0.009766
0 0.892969 0.481445 0.026562 0.009766
0 0.367188 0.511719 0.010937 0.007812
0 0.359375 0.509766 0.010937 0.003906
0 0.350391 0.518555 0.016406 0.011719
0 0.226562 0.520996 0.012500 0.006836
0 0.397266 0.511230 0.041406 0.020508
0 0.394141 0.507324 0.010156 0.004883
0 0.408203 0.514160 0.050781 0.024414
0 0.235547 0.520508 0.011719 0.005859
0 0.351562 0.513672 0.045312 0.019531
0 0.193750 0.523438 0.015625 0.007812
1 0.669922 0.490234 0.014844 0.009766
0 0.358984 0.508301 0.010156 0.004883
0 0.982812 0.477051 0.032813 0.012695
0 0.329297 0.520020 0.060156 0.026367
1 0.617578 0.492188 0.011719 0.009766
0 0.887109 0.480957 0.035156 0.012695
0 0.191406 0.521973 0.014063 0.006836
0 0.765234 0.521484 0.078906 0.068359
0 0.347266 0.510254 0.010156 0.004883
0 0.974609 0.498047 0.049219 0.041016
0 0.292187 0.517578 0.009375 0.005859
0 0.235156 0.521484 0.015625 0.007812
0 0.216016 0.521973 0.013281 0.006836
1 0.441797 0.507812 0.042969 0.017578
0 0.994922 0.476074 0.008594 0.016602
0 0.171875 0.527344 0.014063 0.005859
0 0.303906 0.516602 0.012500 0.007812
0 0.358984 0.512695 0.010156 0.007812
0 0.371875 0.515625 0.012500 0.009766
0 0.409766 0.508789 0.008594 0.007812
0 0.139063 0.538086 0.037500 0.017578
0 0.824219 0.483887 0.026562 0.010742
0 0.401172 0.510742 0.008594 0.007812
0 0.983203 0.477539 0.032031 0.011719
0 0.804297 0.484375 0.025781 0.009766
0 0.921484 0.480469 0.030469 0.011719
0 0.204687 0.523926 0.015625 0.008789
0 0.219531 0.520996 0.012500 0.006836
0 0.543750 0.497559 0.009375 0.006836
0 0.993359 0.476074 0.011719 0.012695
0 0.317969 0.513672 0.009375 0.005859
0 0.401953 0.507324 0.010156 0.004883
0 0.308203 0.516602 0.011719 0.007812
1 0.626953 0.486816 0.017969 0.018555
0 0.207813 0.521484 0.012500 0.005859
0 0.369531 0.511719 0.010937 0.007812
0 0.160547 0.523926 0.017969 0.006836
0 0.376172 0.514648 0.010156 0.009766
0 0.279687 0.515625 0.009375 0.005859
0 0.837500 0.483398 0.026562 0.009766
0 0.393359 0.507324 0.010156 0.004883
0 0.176563 0.525879 0.017188 0.008789
0 0.848047 0.481934 0.035156 0.018555
0 0.288281 0.518066 0.012500 0.006836
