0 0.137109 0.520996 0.019531 0.008789
0 0.044922 0.526855 0.024219 0.008789
0 0.467187 0.495117 0.017188 0.007812
0 0.100000 0.520508 0.017188 0.007812
0 0.353516 0.504395 0.013281 0.004883
0 0.391797 0.501953 0.013281 0.005859
0 0.258984 0.520508 0.028906 0.019531
0 0.333984 0.504883 0.013281 0.005859
0 0.249219 0.515137 0.021875 0.012695
0 0.146484 0.523926 0.038281 0.014648
0 0.302344 0.508789 0.014063 0.005859
0 0.435937 0.498047 0.021875 0.011719
1 0.986719 0.473145 0.025000 0.024414
0 0.283594 0.513672 0.018750 0.011719
0 0.165234 0.523438 0.032031 0.013672
0 0.349609 0.506348 0.013281 0.006836
0 0.196875 0.515625 0.015625 0.007812
0 0.108984 0.520508 0.016406 0.007812
0 0.167578 0.521484 0.022656 0.011719
0 0.065625 0.524902 0.021875 0.008789
0 0.186719 0.520020 0.026562 0.012695
1 0.025391 0.525879 0.050781 0.018555
0 0.101562 0.521973 0.021875 0.008789
0 0.521875 0.494141 0.020313 0.009766
0 0.266797 0.520996 0.030469 0.018555
0 0.292969 0.512695 0.020313 0.011719
0 0.325000 0.506836 0.014063 0.005859
0 0.186719 0.531250 0.048438 0.023438
0 0.124219 0.520996 0.020313 0.008789
0 0.369531 0.504883 0.014063 0.005859
0 0.129688 0.521484 0.020313 0.009766
0 0.042578 0.526367 0.030469 0.011719
1 0.799609 0.481934 0.038281 0.018555
0 0.327344 0.505371 0.012500 0.004883
1 0.686328 0.485840 0.022656 0.014648
0 0.060937 0.523438 0.025000 0.009766
0 0.309766 0.507812 0.013281 0.005859
0 0.222266 0.516602 0.014844 0.007812
0 0.087500 0.525879 0.031250 0.012695
0 0.420312 0.500977 0.026562 0.011719
0 0.089453 0.524414 0.024219 0.009766
0 0.445703 0.496094 0.022656 0.009766
0 0.047656 0.529785 0.023438 0.008789
0 0.196875 0.519043 0.025000 0.012695
0 0.277734 0.514160 0.021094 0.012695
0 0.266406 0.521484 0.029687 0.017578
0 0.365234 0.508301 0.014844 0.012695
0 0.380078 0.507324 0.047656 0.020508
0 0.346875 0.510742 0.015625 0.011719
0 0.034375 0.530273 0.035937 0.013672
0 0.112109 0.521973 0.021094 0.008789
0 0.564844 0.494141 0.014063 0.009766
0 0.246484 0.513184 0.016406 0.008789
0 0.378516 0.503906 0.013281 0.005859
0 0.207031 0.518555 0.023438 0.011719
1 0.698438 0.478027 0.035937 0.030273
0 0.113281 0.520996 0.017188 0.006836
0 0.299609 0.512207 0.019531 0.010742
0 0.008594 0.526855 0.017188 0.010742
0 0.278125 0.520508 0.023438 0.017578
0 0.209766 0.514648 0.014844 0.007812
0 0.367188 0.504883 0.014063 0.005859
0 0.008984 0.531738 0.017969 0.012695
0 0.178516 0.520508 0.024219 0.011719
