0 0.229687 0.511719 0.012500 0.005859
0 0.165234 0.515137 0.014844 0.006836
0 0.192578 0.510742 0.013281 0.005859
1 0.307812 0.511719 0.071875 0.029297
0 0.396484 0.503418 0.033594 0.016602
0 0.964063 0.480469 0.035937 0.013672
0 0.384766 0.500488 0.010156 0.004883
0 0.986328 0.480469 0.025781 0.011719
0 0.211719 0.517578 0.153125 0.070312
0 0.417578 0.498535 0.010156 0.004883
0 0.368750 0.507324 0.012500 0.010742
0 0.368359 0.500488 0.010156 0.004883
0 0.336719 0.505859 0.012500 0.007812
0 0.279687 0.510742 0.023438 0.009766
0 0.344531 0.503418 0.010937 0.004883
1 0.816016 0.482422 0.036719 0.013672
0 0.354687 0.505859 0.010937 0.007812
0 0.292187 0.510254 0.018750 0.008789
0 0.383594 0.501465 0.010937 0.004883
0 0.375391 0.505371 0.039844 0.016602
0 0.120313 0.517578 0.018750 0.007812
0 0.270703 0.507812 0.010156 0.005859
0 0.199609 0.510742 0.013281 0.005859
0 0.151953 0.515625 0.019531 0.007812
0 0.278125 0.509766 0.012500 0.007812
0 0.175000 0.514160 0.014063 0.006836
0 0.293750 0.509277 0.014063 0.008789
1 0.199609 0.511230 0.030469 0.012695
0 0.207031 0.511719 0.014063 0.005859
0 0.525781 0.497559 0.026562 0.012695
0 0.382812 0.506348 0.046875 0.020508
1 0.928516 0.480469 0.039844 0.015625
0 0.370312 0.508301 0.014063 0.010742
0 0.953125 0.481445 0.031250 0.011719
0 0.366016 0.504883 0.011719 0.007812
0 0.362891 0.502441 0.011719 0.004883
0 0.341406 0.512207 0.018750 0.012695
0 0.221094 0.511230 0.012500 0.006836
0 0.330078 0.510742 0.071094 0.035156
0 0.399219 0.500488 0.010937 0.004883
0 0.360938 0.513184 0.082812 0.038086
0 0.230078 0.511230 0.013281 0.006836
0 0.121484 0.527832 0.053906 0.036133
0 0.182812 0.513672 0.017188 0.007812
1 0.697656 0.486328 0.018750 0.011719
0 0.362891 0.500488 0.010156 0.004883
0 0.044531 0.545898 0.089063 0.082031
1 0.637500 0.488281 0.012500 0.009766
0 0.960156 0.479980 0.043750 0.014648
0 0.182812 0.512207 0.015625 0.006836
0 0.350000 0.502441 0.010937 0.004883
0 0.290234 0.508789 0.010156 0.005859
0 0.225000 0.512207 0.017188 0.008789
0 0.475000 0.493652 0.012500 0.004883
0 0.208203 0.512695 0.014844 0.007812
1 0.412109 0.506348 0.067969 0.026367
0 0.164453 0.517090 0.014844 0.006836
0 0.298438 0.508789 0.014063 0.007812
0 0.356641 0.505371 0.011719 0.008789
0 0.367969 0.508789 0.014063 0.009766
0 0.412500 0.502441 0.009375 0.008789
0 0.078906 0.531738 0.050000 0.020508
0 0.873828 0.482422 0.030469 0.011719
0 0.489453 0.492188 0.011719 0.005859
0 0.402344 0.503906 0.009375 0.007812
0 0.850781 0.482910 0.029687 0.010742
0 0.986719 0.479980 0.025000 0.012695
0 0.191797 0.515137 0.017969 0.008789
0 0.213672 0.511230 0.013281 0.006836
0 0.556641 0.493164 0.010156 0.007812
0 0.316406 0.505371 0.010937 0.006836
0 0.407031 0.500488 0.010937 0.004883
0 0.303125 0.508301 0.014063 0.008789
0 0.442969 0.501465 0.029687 0.012695
1 0.647656 0.482422 0.020313 0.021484
0 0.203516 0.511719 0.013281 0.005859
0 0.368750 0.504883 0.010937 0.007812
0 0.148828 0.513672 0.019531 0.007812
0 0.372656 0.508301 0.010937 0.010742
0 0.278516 0.506836 0.010156 0.005859
0 0.889062 0.482422 0.031250 0.011719
0 0.398438 0.500488 0.010937 0.004883
0 0.162891 0.516113 0.019531 0.008789
0 0.928906 0.479980 0.050000 0.022461
0 0.282813 0.509766 0.014063 0.007812
