0 0.074609 0.540527 0.025781 0.010742
0 0.444531 0.505859 0.031250 0.013672
0 0.042969 0.539062 0.018750 0.009766
0 0.343750 0.514648 0.014063 0.005859
0 0.385547 0.511230 0.014844 0.006836
0 0.108984 0.550781 0.067969 0.035156
0 0.322266 0.515625 0.014844 0.005859
0 0.169922 0.534180 0.035156 0.017578
0 0.016016 0.551758 0.032031 0.021484
0 0.284766 0.520020 0.016406 0.006836
0 0.373828 0.512695 0.041406 0.021484
0 0.228516 0.530273 0.027344 0.015625
0 0.028125 0.550293 0.050000 0.020508
0 0.337500 0.517090 0.015625 0.006836
0 0.150781 0.532227 0.020313 0.009766
0 0.053125 0.538574 0.018750 0.008789
0 0.068750 0.543945 0.035937 0.017578
0 0.003516 0.546387 0.007031 0.010742
0 0.088672 0.542480 0.042969 0.018555
0 0.026172 0.542969 0.030469 0.011719
0 0.533594 0.497559 0.018750 0.008789
0 0.132422 0.549316 0.064844 0.032227
0 0.231250 0.529785 0.031250 0.016602
0 0.309766 0.518066 0.016406 0.006836
0 0.057813 0.540527 0.028125 0.010742
0 0.360156 0.514648 0.015625 0.005859
0 0.057422 0.541016 0.028906 0.011719
1 0.968750 0.471191 0.060937 0.032227
0 0.314453 0.516113 0.014844 0.006836
1 0.764844 0.483398 0.039062 0.021484
0 0.292969 0.519043 0.015625 0.006836
0 0.180078 0.532715 0.019531 0.008789
0 0.309766 0.521973 0.063281 0.026367
0 0.007422 0.546875 0.014844 0.013672
0 0.414453 0.506836 0.036719 0.015625
0 0.106641 0.540039 0.039844 0.017578
0 0.207422 0.532227 0.033594 0.017578
0 0.141797 0.549316 0.060156 0.030273
0 0.332813 0.521484 0.021875 0.015625
0 0.304297 0.525879 0.024219 0.016602
0 0.041016 0.541992 0.028906 0.011719
0 0.590625 0.498535 0.017188 0.012695
0 0.200000 0.528320 0.021875 0.011719
0 0.370703 0.514160 0.014844 0.006836
0 0.123828 0.538574 0.036719 0.016602
1 0.776953 0.471680 0.061719 0.042969
0 0.057422 0.539551 0.019531 0.008789
0 0.242969 0.528320 0.029687 0.015625
0 0.166406 0.546387 0.048438 0.028320
0 0.169531 0.529785 0.018750 0.008789
0 0.357031 0.515137 0.015625 0.006836
0 0.088672 0.541992 0.036719 0.015625
