0 0.240625 0.518555 0.012500 0.005859
0 0.179688 0.522949 0.014063 0.006836
0 0.203906 0.518555 0.012500 0.005859
1 0.376953 0.514648 0.049219 0.021484
0 0.421484 0.507812 0.027344 0.013672
0 0.925391 0.482422 0.032031 0.011719
0 0.387891 0.506348 0.010156 0.004883
0 0.990234 0.479492 0.017969 0.013672
0 0.952734 0.481934 0.028906 0.010742
0 0.344531 0.514648 0.079687 0.039062
0 0.419922 0.504395 0.010156 0.004883
0 0.378906 0.513184 0.010937 0.010742
0 0.372266 0.506836 0.010156 0.003906
0 0.346094 0.512695 0.010937 0.007812
0 0.293750 0.517090 0.021875 0.008789
0 0.349219 0.509277 0.010937 0.004883
1 0.792578 0.485352 0.033594 0.013672
0 0.362109 0.511719 0.010156 0.007812
0 0.305469 0.517090 0.017188 0.008789
0 0.386719 0.507812 0.010937 0.003906
0 0.141406 0.525391 0.017188 0.007812
0 0.279687 0.514648 0.009375 0.005859
0 0.988281 0.479004 0.021875 0.010742
0 0.210938 0.518555 0.012500 0.005859
0 0.171094 0.523438 0.017188 0.007812
0 0.290234 0.516602 0.011719 0.007812
0 0.188281 0.521973 0.012500 0.006836
0 0.305078 0.515625 0.013281 0.007812
1 0.217969 0.518555 0.028125 0.011719
0 0.219922 0.519043 0.013281 0.006836
0 0.526172 0.504395 0.030469 0.014648
0 0.414844 0.509766 0.035937 0.015625
1 0.890234 0.482422 0.033594 0.013672
0 0.380078 0.513672 0.013281 0.009766
0 0.918750 0.482910 0.028125 0.010742
0 0.373437 0.510742 0.010937 0.007812
0 0.367188 0.508301 0.010937 0.004883
0 0.354687 0.517578 0.017188 0.011719
0 0.232813 0.518555 0.012500 0.005859
0 0.388672 0.512207 0.047656 0.024414
0 0.401953 0.506348 0.010156 0.004883
0 0.403125 0.514648 0.057813 0.027344
0 0.241797 0.518555 0.011719 0.005859
0 0.325781 0.518066 0.054688 0.022461
0 0.199219 0.520996 0.015625 0.006836
1 0.683984 0.490723 0.016406 0.010742
0 0.366797 0.507324 0.010156 0.004883
0 0.287891 0.523926 0.080469 0.034180
1 0.629297 0.492188 0.011719 0.009766
0 0.915625 0.482422 0.037500 0.013672
0 0.197656 0.520020 0.014063 0.006836
0 0.354687 0.508789 0.010937 0.003906
0 0.298438 0.515625 0.009375 0.005859
0 0.240234 0.519531 0.014844 0.007812
0 0.222266 0.520020 0.013281 0.006836
1 0.438672 0.508789 0.049219 0.019531
0 0.178516 0.524902 0.013281 0.006836
0 0.309766 0.515625 0.013281 0.007812
0 0.364844 0.511719 0.010937 0.007812
0 0.377344 0.514648 0.012500 0.009766
0 0.416797 0.507812 0.008594 0.007812
0 0.133203 0.536621 0.039844 0.018555
0 0.846094 0.484863 0.028125 0.010742
0 0.408203 0.509766 0.008594 0.007812
0 0.825000 0.485840 0.026562 0.010742
0 0.950391 0.481445 0.033594 0.011719
0 0.209375 0.521973 0.015625 0.008789
0 0.225781 0.519043 0.012500 0.006836
0 0.553516 0.497559 0.010156 0.006836
0 0.324609 0.512207 0.010156 0.006836
0 0.409766 0.506348 0.010156 0.004883
0 0.314063 0.514648 0.012500 0.007812
0 0.463281 0.503906 0.021875 0.009766
1 0.639062 0.487305 0.018750 0.019531
0 0.214844 0.519531 0.012500 0.005859
0 0.375781 0.510742 0.010937 0.007812
0 0.166016 0.521484 0.017969 0.007812
0 0.381641 0.513672 0.010156 0.009766
0 0.286719 0.514160 0.009375 0.004883
0 0.860156 0.484863 0.028125 0.010742
0 0.401172 0.506348 0.010156 0.004883
0 0.181250 0.523926 0.017188 0.008789
0 0.877734 0.482422 0.039844 0.019531
0 0.294141 0.516602 0.013281 0.007812
