0 0.132031 0.520020 0.020313 0.008789
0 0.038281 0.526367 0.025000 0.009766
0 0.467187 0.493652 0.018750 0.008789
0 0.095312 0.519531 0.017188 0.007812
0 0.353125 0.502930 0.012500 0.005859
0 0.391406 0.500977 0.012500 0.005859
0 0.250391 0.520508 0.030469 0.019531
0 0.333203 0.503906 0.013281 0.005859
0 0.243359 0.514160 0.022656 0.012695
0 0.136719 0.523926 0.039062 0.014648
0 0.301563 0.506836 0.014063 0.005859
0 0.433203 0.497070 0.022656 0.011719
1 0.996484 0.469727 0.005469 0.025391
0 0.279687 0.512695 0.018750 0.011719
0 0.155859 0.522949 0.033594 0.014648
0 0.349219 0.504883 0.014063 0.005859
0 0.193359 0.514648 0.016406 0.007812
0 0.104688 0.519531 0.017188 0.007812
0 0.160547 0.520508 0.024219 0.011719
0 0.060156 0.523926 0.021875 0.008789
0 0.180078 0.519531 0.027344 0.013672
1 0.019531 0.525391 0.039062 0.019531
0 0.095703 0.521484 0.022656 0.009766
0 0.523438 0.492188 0.020313 0.009766
0 0.258984 0.520508 0.032031 0.019531
0 0.288672 0.511719 0.021094 0.011719
0 0.323437 0.505859 0.014063 0.005859
0 0.172656 0.531250 0.051562 0.025391
0 0.119141 0.520020 0.021094 0.008789
0 0.369141 0.502930 0.013281 0.005859
0 0.124219 0.520508 0.021875 0.009766
0 0.033594 0.525879 0.031250 0.010742
1 0.810937 0.479492 0.040625 0.019531
0 0.326172 0.503906 0.013281 0.005859
1 0.691797 0.483887 0.024219 0.014648
0 0.054297 0.522461 0.025781 0.009766
0 0.308594 0.505859 0.014063 0.005859
0 0.218750 0.515625 0.015625 0.007812
0 0.078906 0.524902 0.032813 0.012695
0 0.415625 0.500000 0.028125 0.011719
0 0.082812 0.523926 0.025000 0.010742
0 0.443750 0.495117 0.023438 0.009766
0 0.041016 0.528809 0.024219 0.008789
0 0.190625 0.518066 0.026562 0.012695
0 0.272656 0.513184 0.021875 0.012695
0 0.259375 0.520996 0.031250 0.018555
0 0.363281 0.506836 0.015625 0.011719
0 0.360156 0.507812 0.054688 0.023438
0 0.344141 0.509766 0.016406 0.011719
0 0.023828 0.529785 0.038281 0.014648
0 0.106250 0.520996 0.021875 0.008789
0 0.567187 0.492676 0.014063 0.010742
0 0.243359 0.511230 0.016406 0.008789
0 0.378516 0.502930 0.013281 0.005859
0 0.200781 0.517578 0.025000 0.011719
1 0.704297 0.475586 0.038281 0.031250
0 0.108984 0.520020 0.016406 0.006836
0 0.295312 0.510742 0.020313 0.011719
0 0.004297 0.525879 0.008594 0.010742
0 0.271094 0.519531 0.025000 0.017578
0 0.206641 0.513184 0.014844 0.006836
0 0.366406 0.503418 0.014063 0.006836
0 0.003906 0.530762 0.007812 0.012695
0 0.171875 0.519531 0.025000 0.011719
