0 0.115625 0.530273 0.021875 0.009766
0 0.014453 0.537109 0.027344 0.009766
0 0.465234 0.500000 0.022656 0.009766
0 0.080859 0.529297 0.017969 0.007812
0 0.353516 0.509766 0.013281 0.005859
0 0.392969 0.507324 0.014063 0.006836
0 0.209766 0.532715 0.041406 0.024414
0 0.332813 0.510742 0.014063 0.005859
0 0.221875 0.523926 0.026562 0.014648
0 0.096094 0.535645 0.045312 0.016602
0 0.298828 0.514160 0.014844 0.006836
0 0.420312 0.504395 0.028125 0.014648
0 0.265234 0.520996 0.021094 0.012695
0 0.116797 0.534668 0.038281 0.016602
0 0.348438 0.511719 0.014063 0.005859
0 0.181641 0.523926 0.017969 0.008789
0 0.090234 0.528809 0.017969 0.008789
0 0.132422 0.531250 0.027344 0.013672
0 0.040234 0.534668 0.024219 0.008789
0 0.151953 0.529785 0.032031 0.014648
0 0.075391 0.531250 0.025781 0.009766
0 0.531641 0.496582 0.019531 0.008789
0 0.222266 0.532227 0.041406 0.023438
0 0.272266 0.520508 0.024219 0.013672
0 0.322266 0.512695 0.014844 0.005859
0 0.101953 0.547852 0.072656 0.033203
0 0.101172 0.530273 0.022656 0.009766
0 0.369531 0.509766 0.014063 0.005859
0 0.104688 0.530762 0.023438 0.010742
0 0.008984 0.537598 0.017969 0.012695
1 0.872266 0.479492 0.053906 0.023438
0 0.325781 0.510742 0.014063 0.005859
1 0.722266 0.486328 0.028906 0.017578
0 0.028125 0.533691 0.029687 0.010742
0 0.306641 0.513184 0.014844 0.006836
0 0.208594 0.524414 0.017188 0.007812
0 0.042578 0.536621 0.038281 0.014648
0 0.392578 0.508789 0.036719 0.015625
0 0.056641 0.534180 0.028906 0.011719
0 0.438281 0.501465 0.028125 0.012695
0 0.018750 0.539551 0.026562 0.010742
0 0.165234 0.528809 0.030469 0.014648
0 0.253516 0.521973 0.025781 0.014648
0 0.224609 0.532715 0.039844 0.022461
0 0.355859 0.514648 0.017969 0.013672
0 0.133984 0.540039 0.152344 0.058594
0 0.333594 0.517578 0.018750 0.013672
0 0.001563 0.542480 0.003125 0.016602
0 0.087109 0.531250 0.024219 0.009766
0 0.579688 0.497070 0.015625 0.011719
0 0.231250 0.520020 0.018750 0.010742
0 0.378906 0.509277 0.014063 0.006836
0 0.177734 0.527344 0.028906 0.013672
1 0.734766 0.476562 0.046094 0.035156
0 0.094531 0.530273 0.017188 0.007812
0 0.280469 0.519531 0.023438 0.013672
0 0.241016 0.530762 0.032031 0.020508
0 0.197266 0.521973 0.016406 0.008789
0 0.366797 0.510254 0.014844 0.006836
0 0.146484 0.530273 0.028906 0.013672
