0 0.219141 0.517090 0.013281 0.006836
0 0.152344 0.520020 0.015625 0.006836
0 0.181641 0.516113 0.013281 0.006836
1 0.217969 0.525879 0.078125 0.040039
0 0.377734 0.510254 0.038281 0.018555
0 0.982422 0.486328 0.033594 0.013672
0 0.380078 0.505371 0.010156 0.004883
0 0.995313 0.486328 0.007812 0.011719
0 0.064844 0.540527 0.129688 0.125977
0 0.413281 0.503906 0.010937 0.005859
0 0.358984 0.513672 0.013281 0.011719
0 0.363281 0.505859 0.010937 0.003906
0 0.328125 0.511230 0.012500 0.008789
0 0.267578 0.516602 0.024219 0.009766
0 0.338672 0.508301 0.011719 0.004883
0 0.474609 0.498047 0.011719 0.005859
1 0.826953 0.487793 0.038281 0.014648
0 0.346484 0.510742 0.011719 0.007812
0 0.280859 0.515625 0.019531 0.009766
0 0.378516 0.507324 0.011719 0.004883
0 0.349219 0.513184 0.046875 0.020508
0 0.102734 0.522949 0.019531 0.008789
0 0.261719 0.513184 0.010937 0.006836
0 0.189062 0.516113 0.014063 0.006836
0 0.135156 0.520996 0.020313 0.008789
0 0.266797 0.515137 0.013281 0.008789
0 0.162891 0.519043 0.014844 0.006836
0 0.282813 0.514648 0.015625 0.009766
1 0.183984 0.517090 0.032031 0.012695
0 0.195703 0.517090 0.014844 0.006836
0 0.523828 0.501953 0.025781 0.011719
0 0.348438 0.514648 0.057813 0.025391
1 0.950000 0.485840 0.043750 0.014648
0 0.361328 0.513672 0.014844 0.011719
0 0.970313 0.487305 0.032813 0.011719
0 0.358203 0.510254 0.011719 0.008789
0 0.357422 0.507324 0.011719 0.004883
0 0.329297 0.518066 0.021094 0.012695
0 0.210156 0.516602 0.014063 0.005859
0 0.266406 0.520508 0.098437 0.046875
0 0.394531 0.505371 0.010937 0.004883
0 0.319922 0.521973 0.105469 0.047852
0 0.219141 0.516113 0.013281 0.006836
0 0.168750 0.519043 0.018750 0.008789
1 0.703516 0.492188 0.019531 0.011719
0 0.357812 0.506348 0.010937 0.004883
1 0.639453 0.493652 0.013281 0.010742
0 0.980469 0.485352 0.037500 0.015625
0 0.169922 0.517578 0.016406 0.007812
0 0.344531 0.507324 0.010937 0.004883
0 0.282422 0.514160 0.010156 0.006836
0 0.211328 0.518066 0.017969 0.008789
0 0.469922 0.499023 0.013281 0.005859
0 0.195703 0.518555 0.014844 0.007812
1 0.388672 0.513672 0.080469 0.031250
0 0.151562 0.521973 0.015625 0.006836
0 0.288672 0.514160 0.014844 0.008789
0 0.348438 0.511230 0.012500 0.008789
0 0.358984 0.514648 0.014844 0.011719
0 0.406641 0.507324 0.010156 0.008789
0 0.034375 0.539551 0.057813 0.022461
0 0.887109 0.488281 0.032031 0.011719
0 0.483203 0.498047 0.013281 0.005859
0 0.396094 0.509277 0.009375 0.008789
0 0.864062 0.488281 0.031250 0.011719
0 0.997266 0.485352 0.003906 0.013672
0 0.176953 0.520508 0.019531 0.009766
0 0.202344 0.517090 0.014063 0.006836
0 0.555469 0.498535 0.010937 0.006836
0 0.308594 0.510254 0.010937 0.006836
0 0.402344 0.505371 0.010937 0.004883
0 0.293359 0.513672 0.014844 0.007812
0 0.425000 0.508301 0.035937 0.014648
1 0.650000 0.488281 0.021875 0.021484
0 0.192969 0.516602 0.014063 0.005859
0 0.361328 0.509766 0.011719 0.007812
0 0.133984 0.518555 0.021094 0.007812
0 0.364453 0.514160 0.011719 0.010742
0 0.269922 0.512695 0.010156 0.005859
0 0.903516 0.488281 0.033594 0.011719
0 0.393359 0.505859 0.011719 0.005859
0 0.146875 0.521973 0.020313 0.008789
0 0.960156 0.484863 0.057813 0.024414
0 0.272266 0.515137 0.014844 0.008789
