0 0.203125 0.507324 0.014063 0.006836
0 0.132031 0.510254 0.017188 0.006836
0 0.165625 0.506348 0.014063 0.006836
0 0.340625 0.504395 0.048438 0.022461
0 0.373437 0.497070 0.010937 0.003906
0 0.407422 0.495605 0.011719 0.004883
0 0.344141 0.505371 0.014844 0.012695
0 0.355859 0.497559 0.011719 0.004883
0 0.314063 0.502930 0.014063 0.009766
0 0.248047 0.507812 0.025781 0.009766
0 0.330078 0.499512 0.011719 0.004883
0 0.467578 0.490723 0.013281 0.006836
1 0.846484 0.483398 0.041406 0.015625
0 0.335156 0.502441 0.012500 0.008789
0 0.262109 0.507324 0.021094 0.010742
0 0.371484 0.498535 0.011719 0.004883
0 0.285547 0.510254 0.066406 0.026367
0 0.074609 0.512207 0.021094 0.008789
0 0.248828 0.503906 0.011719 0.005859
0 0.173437 0.506348 0.014063 0.006836
0 0.109766 0.511230 0.022656 0.008789
0 0.249609 0.506348 0.014844 0.008789
0 0.144141 0.509277 0.016406 0.006836
0 0.266406 0.505859 0.017188 0.009766
1 0.158594 0.506836 0.034375 0.013672
0 0.178125 0.507324 0.015625 0.006836
0 0.521875 0.494141 0.025000 0.011719
0 0.256250 0.513672 0.093750 0.037109
1 0.980469 0.482422 0.037500 0.017578
0 0.346875 0.505859 0.017188 0.011719
0 0.990625 0.483887 0.017188 0.012695
0 0.346484 0.501953 0.013281 0.007812
0 0.349609 0.498535 0.011719 0.004883
0 0.310156 0.510254 0.023438 0.014648
0 0.194141 0.507324 0.014844 0.006836
0 0.077344 0.526367 0.154688 0.087891
0 0.387891 0.497559 0.011719 0.004883
0 0.212891 0.524414 0.172656 0.074219
0 0.201953 0.506836 0.014844 0.007812
0 0.146875 0.508789 0.020313 0.007812
1 0.713281 0.486816 0.021875 0.012695
0 0.350000 0.497559 0.010937 0.004883
1 0.643750 0.487793 0.014063 0.010742
0 0.150391 0.507324 0.017969 0.006836
1 0.428906 0.497559 0.042188 0.018555
0 0.336328 0.498535 0.011719 0.004883
0 0.269922 0.504883 0.011719 0.005859
0 0.191016 0.508301 0.019531 0.008789
0 0.462109 0.492188 0.014844 0.005859
0 0.176563 0.508789 0.017188 0.007812
1 0.338281 0.508789 0.112500 0.042969
0 0.469922 0.489746 0.014844 0.006836
0 0.131641 0.512207 0.016406 0.006836
0 0.272266 0.505371 0.016406 0.008789
0 0.335938 0.502441 0.014063 0.008789
0 0.344531 0.506836 0.017188 0.011719
0 0.398438 0.499512 0.010937 0.008789
0 0.911328 0.483887 0.035156 0.012695
0 0.473438 0.491699 0.015625 0.006836
0 0.386719 0.501465 0.010937 0.008789
0 0.886328 0.484863 0.033594 0.012695
0 0.153516 0.510742 0.021094 0.009766
0 0.185156 0.507324 0.015625 0.006836
0 0.554688 0.491699 0.010937 0.008789
0 0.296484 0.501465 0.011719 0.006836
0 0.396094 0.497559 0.010937 0.004883
0 0.278125 0.504883 0.015625 0.007812
0 0.389062 0.503418 0.048438 0.018555
1 0.654687 0.480957 0.023438 0.022461
0 0.177344 0.506836 0.014063 0.005859
0 0.349609 0.501465 0.013281 0.008789
0 0.110547 0.508789 0.022656 0.007812
0 0.350391 0.506348 0.013281 0.010742
0 0.257812 0.502930 0.010937 0.005859
0 0.928906 0.484375 0.035937 0.013672
0 0.387109 0.497559 0.011719 0.004883
0 0.122266 0.511719 0.022656 0.009766
0 0.991016 0.480957 0.016406 0.028320
0 0.255469 0.506348 0.015625 0.008789
