0 0.237891 0.519531 0.011719 0.005859
0 0.177344 0.523926 0.014063 0.006836
0 0.200781 0.519531 0.012500 0.005859
1 0.381250 0.514160 0.046875 0.020508
0 0.422266 0.507324 0.025781 0.012695
0 0.912500 0.481445 0.031250 0.011719
0 0.384766 0.506836 0.010156 0.003906
0 0.982812 0.478516 0.032813 0.013672
0 0.939844 0.480957 0.028125 0.010742
0 0.354297 0.514160 0.072656 0.036133
0 0.416797 0.504883 0.010156 0.003906
0 0.376563 0.513672 0.010937 0.009766
0 0.368750 0.507324 0.009375 0.004883
0 0.343750 0.512695 0.010937 0.007812
0 0.291797 0.518066 0.021094 0.008789
0 0.346094 0.510254 0.010937 0.004883
1 0.783984 0.484863 0.032031 0.012695
0 0.359766 0.512207 0.010156 0.006836
0 0.303906 0.517090 0.017188 0.008789
0 0.383594 0.508301 0.010937 0.004883
0 0.139844 0.526367 0.017188 0.007812
0 0.276953 0.515625 0.010156 0.005859
0 0.979297 0.478027 0.030469 0.010742
0 0.207813 0.519531 0.012500 0.005859
0 0.169531 0.524414 0.017188 0.007812
0 0.287891 0.517578 0.011719 0.007812
0 0.185547 0.522949 0.013281 0.006836
0 0.303516 0.516602 0.013281 0.007812
1 0.216797 0.519531 0.027344 0.011719
0 0.217578 0.520020 0.013281 0.006836
0 0.523828 0.504883 0.032031 0.015625
0 0.416016 0.510254 0.033594 0.014648
1 0.878125 0.481934 0.032813 0.012695
0 0.378125 0.514160 0.012500 0.010742
0 0.907031 0.482422 0.028125 0.009766
0 0.370703 0.511719 0.010156 0.007812
0 0.363672 0.509277 0.010156 0.004883
0 0.353125 0.518066 0.017188 0.010742
0 0.230469 0.519531 0.012500 0.005859
0 0.392969 0.511719 0.045312 0.023438
0 0.398828 0.507324 0.010156 0.004883
0 0.406250 0.514160 0.054688 0.026367
0 0.239453 0.519531 0.011719 0.005859
0 0.341016 0.516113 0.050781 0.022461
0 0.196875 0.521973 0.015625 0.006836
1 0.677734 0.490723 0.016406 0.010742
0 0.363672 0.507812 0.010156 0.003906
0 0.991797 0.477539 0.014844 0.013672
0 0.309375 0.521973 0.070312 0.030273
1 0.623828 0.492188 0.011719 0.009766
0 0.902344 0.481445 0.035937 0.013672
0 0.195312 0.520996 0.014063 0.006836
0 0.967187 0.522461 0.064062 0.093750
0 0.351562 0.509277 0.010937 0.004883
0 0.984375 0.499512 0.029687 0.043945
0 0.296094 0.516602 0.009375 0.005859
0 0.238281 0.520508 0.015625 0.007812
0 0.219922 0.520996 0.013281 0.006836
1 0.440234 0.508301 0.046094 0.018555
0 0.175781 0.525879 0.014063 0.006836
0 0.307422 0.515625 0.013281 0.007812
0 0.362500 0.511719 0.010937 0.007812
0 0.375000 0.514648 0.012500 0.009766
0 0.414062 0.508301 0.009375 0.008789
0 0.136719 0.537109 0.039062 0.017578
0 0.835938 0.484375 0.026562 0.009766
0 0.405078 0.509766 0.008594 0.007812
0 0.991797 0.478516 0.014844 0.011719
0 0.815625 0.484863 0.026562 0.010742
0 0.937109 0.480957 0.032031 0.012695
0 0.207813 0.522949 0.015625 0.008789
0 0.223438 0.520020 0.012500 0.006836
0 0.549219 0.497559 0.009375 0.006836
0 0.321484 0.512695 0.010156 0.005859
0 0.406250 0.506348 0.010937 0.004883
0 0.311719 0.515625 0.012500 0.007812
0 0.463672 0.503418 0.021094 0.008789
1 0.633594 0.486816 0.018750 0.018555
0 0.211719 0.520508 0.012500 0.005859
0 0.373047 0.510742 0.010156 0.007812
0 0.164453 0.522949 0.017969 0.006836
0 0.379688 0.514648 0.009375 0.009766
0 0.283594 0.514648 0.009375 0.005859
0 0.849609 0.483887 0.027344 0.010742
0 0.398047 0.507324 0.010156 0.004883
0 0.179688 0.524902 0.017188 0.008789
0 0.863672 0.482422 0.038281 0.019531
0 0.291797 0.517578 0.013281 0.007812
