0 0.103906 0.536133 0.023438 0.009766
0 0.006641 0.544434 0.013281 0.010742
0 0.460938 0.502930 0.025000 0.011719
0 0.070703 0.535156 0.017969 0.009766
0 0.351953 0.512695 0.013281 0.005859
0 0.392188 0.510254 0.014063 0.006836
0 0.180078 0.540039 0.049219 0.027344
0 0.331250 0.513672 0.014063 0.005859
0 0.206250 0.529297 0.029687 0.015625
0 0.067578 0.543457 0.049219 0.018555
0 0.296094 0.518066 0.015625 0.006836
0 0.408594 0.507812 0.031250 0.015625
0 0.254688 0.526367 0.023438 0.013672
0 0.089844 0.542480 0.042188 0.018555
0 0.346484 0.515137 0.014844 0.006836
0 0.173437 0.528809 0.018750 0.008789
0 0.080078 0.534668 0.017969 0.008789
0 0.112891 0.538086 0.030469 0.015625
0 0.026172 0.541504 0.025781 0.010742
0 0.132812 0.536621 0.035937 0.016602
0 0.060937 0.537598 0.026562 0.010742
0 0.534375 0.497559 0.018750 0.008789
0 0.195703 0.539551 0.049219 0.026367
0 0.260156 0.525879 0.026562 0.014648
0 0.319922 0.516602 0.014844 0.005859
0 0.047266 0.560059 0.089844 0.038086
0 0.088672 0.536621 0.024219 0.010742
0 0.368359 0.513184 0.014844 0.006836
0 0.090625 0.536621 0.025000 0.010742
1 0.911719 0.476074 0.064062 0.026367
0 0.323828 0.514648 0.013281 0.005859
1 0.739844 0.485352 0.032813 0.019531
0 0.013281 0.540527 0.026562 0.012695
0 0.303906 0.517090 0.015625 0.006836
0 0.200781 0.529785 0.017188 0.008789
0 0.019141 0.544434 0.038281 0.016602
0 0.371094 0.514160 0.043750 0.018555
0 0.038672 0.541504 0.030469 0.012695
0 0.432422 0.504395 0.030469 0.012695
0 0.008984 0.546387 0.017969 0.010742
0 0.147266 0.535156 0.033594 0.015625
0 0.239844 0.527344 0.028125 0.015625
0 0.200000 0.540039 0.045312 0.025391
0 0.349609 0.518555 0.019531 0.013672
0 0.325391 0.521973 0.021094 0.014648
0 0.073828 0.537109 0.025781 0.009766
0 0.585547 0.498047 0.016406 0.011719
0 0.222656 0.524902 0.020313 0.010742
0 0.378125 0.512207 0.014063 0.006836
0 0.161719 0.533691 0.031250 0.014648
1 0.751953 0.475098 0.050781 0.038086
0 0.083984 0.536133 0.017969 0.007812
0 0.269922 0.524414 0.025781 0.013672
0 0.218750 0.538086 0.037500 0.023438
0 0.189844 0.526855 0.017188 0.008789
0 0.365234 0.513184 0.014844 0.006836
0 0.129297 0.536621 0.032031 0.014648
