0 0.142969 0.524902 0.018750 0.008789
0 0.054688 0.530762 0.023438 0.008789
0 0.466016 0.497070 0.016406 0.007812
0 0.105859 0.524414 0.016406 0.007812
0 0.353125 0.507812 0.012500 0.005859
0 0.390625 0.504883 0.012500 0.005859
0 0.272656 0.522949 0.026562 0.018555
0 0.333594 0.508301 0.012500 0.004883
0 0.257031 0.518066 0.020313 0.012695
0 0.160938 0.527344 0.035937 0.013672
0 0.303125 0.511719 0.014063 0.005859
0 0.438672 0.500488 0.019531 0.010742
1 0.966797 0.475098 0.060156 0.022461
0 0.289062 0.516113 0.017188 0.010742
0 0.179297 0.526367 0.030469 0.013672
0 0.349609 0.509766 0.013281 0.005859
0 0.201172 0.519531 0.014844 0.007812
0 0.114453 0.524414 0.016406 0.007812
0 0.007031 0.534668 0.014063 0.012695
0 0.177734 0.524414 0.021094 0.011719
0 0.073828 0.528809 0.021094 0.008789
0 0.196875 0.523438 0.025000 0.011719
1 0.044922 0.529297 0.047656 0.017578
0 0.109766 0.525879 0.021094 0.008789
0 0.517578 0.497070 0.021094 0.009766
0 0.278906 0.522949 0.028125 0.016602
0 0.299219 0.515625 0.018750 0.011719
0 0.325000 0.510742 0.014063 0.005859
0 0.208984 0.532715 0.042969 0.022461
0 0.130859 0.524902 0.019531 0.008789
0 0.369141 0.507812 0.013281 0.005859
0 0.137109 0.524902 0.019531 0.008789
0 0.055469 0.530273 0.028125 0.011719
1 0.777344 0.483887 0.034375 0.018555
0 0.327344 0.508789 0.012500 0.005859
1 0.673828 0.488281 0.021094 0.013672
0 0.070703 0.527344 0.024219 0.009766
1 0.037500 0.555176 0.075000 0.110352
0 0.310156 0.510742 0.014063 0.005859
0 0.225781 0.520508 0.014063 0.007812
0 0.101562 0.528809 0.029687 0.012695
0 0.426172 0.502930 0.024219 0.009766
0 0.099609 0.528320 0.022656 0.009766
0 0.447266 0.498535 0.021094 0.008789
0 0.056250 0.533691 0.021875 0.008789
0 0.206250 0.522461 0.023438 0.011719
0 0.284766 0.516602 0.019531 0.011719
0 0.278125 0.523926 0.026562 0.016602
0 0.367578 0.510742 0.014844 0.011719
0 0.405469 0.507324 0.037500 0.016602
0 0.350391 0.513672 0.014844 0.011719
0 0.050781 0.533203 0.032813 0.013672
0 0.119531 0.525879 0.020313 0.008789
0 0.559766 0.496094 0.013281 0.009766
0 0.251563 0.516113 0.015625 0.008789
0 0.377734 0.506836 0.013281 0.005859
0 0.215625 0.521484 0.021875 0.011719
1 0.685547 0.479980 0.033594 0.028320
0 0.119141 0.524902 0.016406 0.006836
0 0.305078 0.515137 0.017969 0.010742
0 0.014844 0.530762 0.029687 0.010742
0 0.288672 0.522461 0.021094 0.015625
0 0.213281 0.518066 0.014063 0.006836
0 0.366797 0.507812 0.013281 0.005859
0 0.016406 0.535156 0.032813 0.011719
0 0.187891 0.523926 0.022656 0.010742
