0 0.342578 0.518066 0.071094 0.030273
0 0.319141 0.516113 0.016406 0.006836
0 0.364453 0.513672 0.017969 0.007812
0 0.294922 0.516113 0.016406 0.006836
0 0.029687 0.542969 0.059375 0.025391
0 0.250781 0.520996 0.018750 0.006836
0 0.062109 0.543945 0.124219 0.066406
0 0.133594 0.536621 0.042188 0.020508
0 0.310156 0.518555 0.018750 0.007812
0 0.079297 0.533203 0.027344 0.011719
0 0.532031 0.499512 0.017188 0.008789
0 0.120703 0.538086 0.052344 0.023438
0 0.278516 0.519531 0.017969 0.007812
0 0.336328 0.516602 0.017969 0.007812
0 0.286328 0.517090 0.016406 0.006836
1 0.865234 0.487305 0.072656 0.031250
0 0.259766 0.519531 0.017969 0.007812
0 0.113672 0.535156 0.025781 0.011719
0 0.329688 0.515137 0.060937 0.024414
0 0.080859 0.541016 0.058594 0.025391
0 0.270703 0.527344 0.033594 0.021484
0 0.223047 0.533691 0.039844 0.022461
0 0.607031 0.503418 0.021875 0.018555
0 0.125000 0.530762 0.031250 0.014648
0 0.348047 0.515625 0.017969 0.007812
0 0.006641 0.546387 0.013281 0.022461
1 0.872266 0.471680 0.108594 0.060547
0 0.142187 0.535645 0.048438 0.022461
0 0.105859 0.530762 0.024219 0.010742
0 0.331641 0.516602 0.017969 0.007812
