0 0.212500 0.516113 0.014063 0.006836
0 0.144141 0.519531 0.016406 0.007812
0 0.175000 0.515625 0.014063 0.005859
1 0.107422 0.534180 0.066406 0.050781
0 0.361328 0.510742 0.042969 0.019531
0 0.991406 0.485840 0.015625 0.014648
0 0.377344 0.504883 0.010937 0.003906
0 0.411719 0.503418 0.010937 0.004883
0 0.353125 0.513184 0.014063 0.012695
0 0.360547 0.505371 0.010156 0.004883
0 0.322266 0.511230 0.013281 0.008789
0 0.259375 0.516113 0.025000 0.010742
0 0.335547 0.507324 0.011719 0.004883
0 0.471875 0.497559 0.012500 0.006836
1 0.837109 0.487305 0.039844 0.015625
0 0.342187 0.510254 0.012500 0.008789
0 0.273047 0.515625 0.021094 0.009766
0 0.375781 0.506348 0.010937 0.004883
0 0.323437 0.515137 0.054688 0.022461
0 0.090625 0.522461 0.020313 0.007812
0 0.256641 0.512695 0.011719 0.005859
0 0.182422 0.515137 0.013281 0.006836
0 0.124219 0.520508 0.021875 0.009766
0 0.259766 0.515137 0.013281 0.008789
0 0.155078 0.518555 0.014844 0.005859
0 0.276172 0.514160 0.016406 0.008789
1 0.173437 0.516113 0.032813 0.012695
0 0.188281 0.516113 0.015625 0.006836
0 0.523438 0.500977 0.025000 0.011719
0 0.312500 0.517578 0.071875 0.029297
1 0.968750 0.484863 0.046875 0.016602
0 0.355469 0.513672 0.015625 0.011719
0 0.983594 0.486816 0.031250 0.012695
0 0.353516 0.509766 0.013281 0.007812
0 0.354297 0.506348 0.011719 0.004883
0 0.321094 0.517578 0.021875 0.013672
0 0.203516 0.516113 0.014844 0.006836
0 0.192969 0.526367 0.132812 0.060547
0 0.392188 0.505371 0.010937 0.004883
0 0.278516 0.526367 0.130469 0.058594
0 0.211719 0.516113 0.014063 0.006836
0 0.159375 0.518066 0.018750 0.008789
1 0.708594 0.491699 0.020313 0.012695
0 0.354687 0.505371 0.010937 0.004883
1 0.642188 0.492676 0.014063 0.010742
0 0.990625 0.484863 0.017188 0.016602
0 0.161719 0.516602 0.017188 0.007812
0 0.341406 0.506836 0.010937 0.005859
0 0.277344 0.513672 0.010937 0.005859
0 0.202734 0.517090 0.019531 0.008789
0 0.467187 0.499023 0.014063 0.005859
0 0.187500 0.517578 0.015625 0.007812
1 0.368359 0.514648 0.094531 0.037109
0 0.474219 0.496582 0.014063 0.006836
0 0.143359 0.521973 0.016406 0.006836
0 0.282031 0.513672 0.015625 0.009766
0 0.343359 0.510254 0.013281 0.008789
0 0.353125 0.514160 0.015625 0.010742
0 0.403516 0.507324 0.010156 0.008789
0 0.015625 0.541016 0.031250 0.025391
0 0.899609 0.487793 0.033594 0.012695
0 0.479687 0.498047 0.014063 0.005859
0 0.392578 0.508301 0.010156 0.008789
0 0.875391 0.487793 0.032031 0.012695
0 0.166797 0.520020 0.019531 0.008789
0 0.194922 0.516113 0.014844 0.006836
0 0.555469 0.498047 0.010937 0.007812
0 0.303516 0.510254 0.011719 0.006836
0 0.400000 0.504395 0.010937 0.004883
0 0.287109 0.513184 0.014844 0.008789
0 0.410547 0.509277 0.041406 0.016602
1 0.652734 0.487305 0.022656 0.021484
0 0.186719 0.516602 0.014063 0.005859
0 0.357031 0.509277 0.012500 0.008789
0 0.123828 0.518555 0.021094 0.007812
0 0.358594 0.513672 0.012500 0.011719
0 0.264844 0.511719 0.010937 0.005859
0 0.916797 0.487793 0.035156 0.012695
0 0.391016 0.505371 0.011719 0.004883
0 0.136328 0.520996 0.021094 0.008789
0 0.977734 0.483887 0.042969 0.026367
0 0.264844 0.514648 0.015625 0.007812
