0 0.141406 0.520996 0.018750 0.008789
0 0.051172 0.526855 0.024219 0.008789
0 0.467187 0.494141 0.017188 0.007812
0 0.104297 0.520508 0.016406 0.007812
0 0.353906 0.503906 0.012500 0.005859
0 0.391797 0.501953 0.013281 0.005859
0 0.266797 0.519531 0.027344 0.017578
0 0.334766 0.504395 0.013281 0.004883
0 0.254297 0.514648 0.021094 0.011719
0 0.155078 0.523438 0.036719 0.013672
0 0.303906 0.507812 0.014063 0.005859
0 0.438281 0.497070 0.020313 0.009766
1 0.977734 0.471680 0.042969 0.023438
0 0.287500 0.513184 0.017188 0.010742
0 0.173437 0.522461 0.031250 0.013672
0 0.350391 0.505859 0.013281 0.005859
0 0.200000 0.515625 0.015625 0.007812
0 0.112891 0.520020 0.016406 0.006836
0 0.003516 0.530762 0.007031 0.012695
0 0.174219 0.520508 0.021875 0.011719
0 0.071094 0.524902 0.021875 0.008789
0 0.193359 0.519531 0.025781 0.011719
1 0.037109 0.524902 0.049219 0.018555
0 0.107031 0.521973 0.021875 0.008789
0 0.520312 0.493164 0.020313 0.009766
0 0.274219 0.519531 0.029687 0.017578
0 0.297266 0.512207 0.019531 0.010742
0 0.325781 0.506836 0.014063 0.005859
0 0.199609 0.529785 0.046094 0.022461
0 0.128906 0.520996 0.020313 0.008789
0 0.369922 0.503906 0.013281 0.005859
0 0.134766 0.520996 0.019531 0.008789
0 0.050391 0.526367 0.028906 0.011719
1 0.789062 0.480957 0.035937 0.018555
0 0.328125 0.504883 0.012500 0.005859
1 0.680859 0.484863 0.022656 0.014648
0 0.067578 0.523438 0.024219 0.009766
0 0.310937 0.506836 0.014063 0.005859
0 0.225000 0.516602 0.014063 0.007812
0 0.096094 0.524902 0.029687 0.012695
0 0.424219 0.499512 0.025000 0.010742
0 0.096094 0.524414 0.023438 0.009766
0 0.446875 0.495117 0.021875 0.009766
0 0.053516 0.529297 0.022656 0.009766
0 0.202734 0.518555 0.024219 0.011719
0 0.282031 0.513184 0.020313 0.012695
0 0.273438 0.520508 0.028125 0.017578
0 0.367188 0.507812 0.014063 0.011719
0 0.395313 0.504883 0.042188 0.017578
0 0.350000 0.509766 0.015625 0.011719
0 0.044141 0.529297 0.035156 0.013672
0 0.116797 0.521484 0.021094 0.007812
0 0.562891 0.493164 0.013281 0.009766
0 0.250000 0.512207 0.015625 0.008789
0 0.379297 0.503906 0.013281 0.005859
0 0.212500 0.517578 0.023438 0.011719
1 0.692578 0.476562 0.035156 0.029297
0 0.117188 0.520996 0.017188 0.006836
0 0.303125 0.511719 0.018750 0.011719
0 0.012500 0.526855 0.025000 0.010742
0 0.284766 0.519531 0.022656 0.015625
0 0.212500 0.514160 0.014063 0.006836
0 0.367969 0.503906 0.014063 0.005859
0 0.013672 0.530762 0.027344 0.012695
0 0.184375 0.520020 0.023438 0.010742
