0 0.013281 0.544434 0.026562 0.012695
0 0.388672 0.514160 0.052344 0.022461
0 0.326562 0.516113 0.015625 0.006836
0 0.370703 0.513672 0.016406 0.007812
0 0.303125 0.517090 0.015625 0.006836
0 0.079687 0.541992 0.050000 0.023438
0 0.260937 0.521973 0.017188 0.006836
0 0.227344 0.528809 0.085938 0.040039
0 0.166016 0.535645 0.036719 0.018555
0 0.318359 0.519043 0.017969 0.006836
0 0.101953 0.534668 0.024219 0.010742
0 0.002734 0.541504 0.005469 0.010742
0 0.005078 0.551270 0.010156 0.024414
0 0.532031 0.499023 0.017188 0.007812
0 0.160156 0.537109 0.043750 0.021484
0 0.287891 0.520508 0.017969 0.007812
0 0.003125 0.544434 0.006250 0.012695
0 0.343359 0.517090 0.016406 0.006836
0 0.294922 0.518066 0.016406 0.006836
1 0.826562 0.485352 0.059375 0.027344
0 0.269922 0.520996 0.017969 0.006836
0 0.135156 0.536133 0.023438 0.011719
0 0.362891 0.513184 0.052344 0.022461
0 0.017188 0.548340 0.034375 0.022461
0 0.126562 0.539551 0.048438 0.022461
0 0.009766 0.571289 0.019531 0.046875
0 0.291797 0.526367 0.028906 0.019531
0 0.251563 0.532715 0.034375 0.020508
0 0.600781 0.501953 0.020313 0.015625
0 0.149219 0.531738 0.028125 0.012695
0 0.354687 0.516113 0.017188 0.006836
0 0.032031 0.545898 0.051562 0.021484
1 0.836328 0.471191 0.089844 0.053711
0 0.004687 0.542969 0.009375 0.009766
0 0.177734 0.535156 0.041406 0.019531
0 0.028906 0.565430 0.057813 0.042969
0 0.125781 0.532227 0.021875 0.009766
0 0.339062 0.517578 0.017188 0.007812
0 0.008594 0.549316 0.017188 0.020508
