0 0.006250 0.539551 0.012500 0.012695
0 0.369141 0.512695 0.060156 0.025391
0 0.323047 0.513184 0.016406 0.006836
0 0.367969 0.510742 0.017188 0.007812
0 0.299219 0.514160 0.015625 0.006836
0 0.056250 0.539062 0.054688 0.023438
0 0.255859 0.518555 0.017969 0.007812
0 0.158984 0.531250 0.110156 0.050781
0 0.150781 0.533203 0.039062 0.019531
0 0.314453 0.515625 0.017969 0.007812
0 0.091016 0.530762 0.025781 0.010742
0 0.532031 0.496582 0.017188 0.008789
0 0.141797 0.534180 0.047656 0.021484
0 0.283594 0.517090 0.017188 0.006836
0 0.339844 0.513672 0.017188 0.007812
0 0.291016 0.514160 0.016406 0.006836
1 0.845313 0.484375 0.065625 0.029297
0 0.265234 0.517578 0.017969 0.007812
0 0.125000 0.532227 0.025000 0.011719
0 0.349219 0.511230 0.056250 0.022461
0 0.005859 0.544922 0.011719 0.023438
0 0.105078 0.537109 0.052344 0.023438
0 0.282031 0.523926 0.031250 0.020508
0 0.238672 0.530273 0.036719 0.021484
0 0.603906 0.500488 0.020313 0.016602
0 0.137891 0.527832 0.028906 0.012695
0 0.351562 0.513184 0.017188 0.006836
0 0.018359 0.542480 0.036719 0.022461
1 0.853516 0.469238 0.099219 0.057617
0 0.161328 0.532227 0.044531 0.021484
0 0.008984 0.565918 0.017969 0.045898
0 0.116406 0.528320 0.023438 0.009766
0 0.335547 0.514160 0.017969 0.006836
