0 0.185156 0.514648 0.015625 0.007812
0 0.109375 0.517578 0.018750 0.007812
0 0.146875 0.513184 0.014063 0.006836
0 0.279297 0.516113 0.067969 0.030273
0 0.365625 0.504395 0.010937 0.004883
0 0.401172 0.502441 0.011719 0.004883
0 0.325781 0.513672 0.017188 0.013672
0 0.348047 0.504395 0.011719 0.004883
0 0.298438 0.510742 0.015625 0.009766
0 0.225000 0.515625 0.028125 0.011719
0 0.320312 0.506348 0.012500 0.004883
0 0.458984 0.498047 0.014844 0.007812
1 0.870313 0.489746 0.045312 0.016602
0 0.321484 0.510254 0.013281 0.008789
0 0.240234 0.515137 0.024219 0.010742
0 0.363281 0.505371 0.012500 0.004883
0 0.152344 0.529297 0.106250 0.041016
0 0.041797 0.520996 0.022656 0.008789
0 0.233984 0.511230 0.013281 0.006836
0 0.155078 0.513184 0.014844 0.006836
0 0.078906 0.519043 0.025000 0.010742
0 0.229687 0.514648 0.015625 0.009766
0 0.123047 0.517090 0.017969 0.006836
0 0.247656 0.513672 0.018750 0.009766
1 0.128906 0.515137 0.037500 0.014648
0 0.157812 0.514648 0.017188 0.007812
0 0.517969 0.500488 0.023438 0.010742
0 0.048828 0.545898 0.097656 0.078125
0 0.329297 0.514160 0.019531 0.012695
0 0.332422 0.509766 0.014844 0.009766
0 0.340625 0.505859 0.012500 0.005859
0 0.285938 0.519043 0.028125 0.016602
0 0.175000 0.514648 0.015625 0.007812
0 0.380859 0.504395 0.011719 0.004883
0 0.046875 0.576172 0.093750 0.167969
0 0.183203 0.514648 0.016406 0.007812
0 0.121094 0.517090 0.021875 0.008789
1 0.725391 0.493164 0.024219 0.013672
0 0.341797 0.504395 0.011719 0.004883
1 0.648828 0.494141 0.016406 0.011719
0 0.127344 0.515137 0.018750 0.008789
1 0.392578 0.506836 0.057031 0.023438
0 0.327344 0.505859 0.012500 0.005859
0 0.255859 0.512207 0.011719 0.006836
0 0.166406 0.516602 0.021875 0.009766
0 0.452344 0.499512 0.017188 0.006836
0 0.154297 0.516113 0.017969 0.008789
1 0.235937 0.526367 0.182812 0.066406
0 0.462891 0.497070 0.016406 0.007812
0 0.109375 0.520508 0.018750 0.007812
0 0.254297 0.512695 0.017969 0.009766
0 0.321484 0.509766 0.014844 0.009766
0 0.327344 0.515137 0.018750 0.012695
0 0.388672 0.506836 0.011719 0.009766
0 0.939844 0.490234 0.039062 0.013672
0 0.459766 0.500000 0.019531 0.007812
0 0.375781 0.508789 0.010937 0.009766
0 0.912891 0.490234 0.036719 0.013672
0 0.125391 0.519043 0.024219 0.010742
0 0.165234 0.514648 0.016406 0.007812
0 0.553516 0.498535 0.011719 0.008789
0 0.282422 0.508789 0.013281 0.007812
0 0.389453 0.504395 0.011719 0.004883
0 0.260156 0.512695 0.017188 0.009766
0 0.319531 0.518066 0.075000 0.028320
1 0.659766 0.487793 0.025781 0.024414
0 0.158984 0.514648 0.014844 0.005859
0 0.336719 0.509277 0.014063 0.008789
0 0.083203 0.516113 0.024219 0.008789
0 0.333984 0.514160 0.014844 0.012695
0 0.243359 0.510254 0.011719 0.006836
0 0.959766 0.490234 0.039844 0.013672
0 0.379297 0.504395 0.011719 0.004883
0 0.093750 0.520020 0.025000 0.010742
0 0.236328 0.514160 0.017969 0.008789
