0 0.050781 0.543945 0.028125 0.011719
0 0.428125 0.508301 0.037500 0.016602
0 0.020703 0.541992 0.019531 0.009766
0 0.337109 0.515625 0.014844 0.005859
0 0.379688 0.512207 0.015625 0.006836
0 0.041797 0.561035 0.083594 0.041992
0 0.314453 0.516602 0.014844 0.005859
0 0.138672 0.538574 0.039844 0.020508
0 0.275781 0.521484 0.017188 0.007812
0 0.336328 0.517578 0.052344 0.025391
0 0.205859 0.533691 0.030469 0.016602
0 0.330078 0.518066 0.016406 0.006836
0 0.132812 0.534668 0.021875 0.010742
0 0.031250 0.541992 0.020313 0.009766
0 0.030859 0.548828 0.041406 0.019531
0 0.050781 0.547363 0.048438 0.020508
0 0.007422 0.546387 0.014844 0.012695
0 0.532422 0.497559 0.017969 0.008789
0 0.071875 0.559082 0.082812 0.038086
0 0.206641 0.533691 0.035156 0.018555
0 0.301172 0.520020 0.016406 0.006836
0 0.032422 0.544434 0.030469 0.012695
0 0.353516 0.516113 0.016406 0.006836
0 0.030469 0.545410 0.031250 0.012695
1 0.995313 0.465820 0.007812 0.037109
0 0.306641 0.517090 0.014844 0.006836
1 0.785156 0.481934 0.045312 0.022461
0 0.283984 0.520020 0.016406 0.006836
0 0.163281 0.535156 0.020313 0.009766
0 0.229687 0.532715 0.089063 0.036133
0 0.396875 0.508789 0.042188 0.017578
0 0.071875 0.544922 0.045312 0.019531
0 0.179297 0.536133 0.038281 0.019531
0 0.085938 0.558105 0.075000 0.036133
0 0.317969 0.523926 0.025000 0.016602
0 0.285547 0.528809 0.027344 0.018555
0 0.015234 0.545410 0.030469 0.012695
0 0.593750 0.498535 0.018750 0.014648
0 0.181641 0.530762 0.024219 0.012695
0 0.364453 0.515137 0.016406 0.006836
0 0.091797 0.542969 0.041406 0.017578
1 0.796484 0.469238 0.071094 0.045898
0 0.035156 0.542969 0.020313 0.009766
0 0.219922 0.532227 0.033594 0.017578
0 0.117969 0.554199 0.060937 0.032227
0 0.153125 0.532227 0.020313 0.009766
0 0.350000 0.516113 0.017188 0.006836
0 0.054297 0.546875 0.041406 0.017578
