0 0.109766 0.533203 0.022656 0.009766
0 0.010547 0.541504 0.021094 0.010742
0 0.463672 0.501465 0.024219 0.010742
0 0.075781 0.532715 0.017188 0.008789
0 0.352734 0.511719 0.013281 0.005859
0 0.392188 0.508789 0.014063 0.005859
0 0.195703 0.536621 0.044531 0.026367
0 0.332031 0.512695 0.014063 0.005859
0 0.214062 0.526855 0.028125 0.014648
0 0.082031 0.540039 0.046875 0.017578
0 0.297266 0.516602 0.014844 0.005859
0 0.414844 0.505859 0.029687 0.015625
0 0.259766 0.523926 0.022656 0.012695
0 0.103906 0.539062 0.040625 0.017578
0 0.347266 0.513672 0.014844 0.005859
0 0.177734 0.526855 0.017969 0.008789
0 0.085547 0.532715 0.017969 0.008789
0 0.123047 0.534668 0.028906 0.014648
0 0.033203 0.539062 0.025781 0.009766
0 0.142969 0.533203 0.034375 0.015625
0 0.068359 0.535645 0.025781 0.010742
0 0.532813 0.496582 0.018750 0.008789
0 0.209766 0.536621 0.044531 0.024414
0 0.266797 0.523438 0.025781 0.013672
0 0.321484 0.515137 0.014844 0.006836
0 0.076953 0.554688 0.080469 0.035156
0 0.094922 0.534180 0.024219 0.009766
0 0.368750 0.511719 0.014063 0.005859
0 0.098047 0.534180 0.024219 0.009766
0 0.003516 0.541992 0.007031 0.013672
1 0.891016 0.476562 0.058594 0.025391
0 0.325000 0.512695 0.014063 0.005859
1 0.730469 0.485352 0.031250 0.017578
0 0.019922 0.537598 0.030469 0.010742
0 0.305078 0.515137 0.014844 0.006836
0 0.204687 0.527344 0.017188 0.007812
0 0.030078 0.541016 0.039844 0.015625
0 0.382812 0.511230 0.040625 0.016602
0 0.047656 0.538574 0.029687 0.012695
0 0.435547 0.503418 0.028906 0.012695
0 0.012500 0.543945 0.025000 0.009766
0 0.156641 0.531738 0.032031 0.014648
0 0.247266 0.524902 0.027344 0.014648
0 0.213281 0.537109 0.042188 0.023438
0 0.353125 0.516602 0.018750 0.013672
0 0.029687 0.567383 0.059375 0.091797
0 0.329688 0.520020 0.020313 0.014648
0 0.080859 0.534668 0.024219 0.010742
0 0.582812 0.497070 0.015625 0.011719
0 0.226953 0.522461 0.019531 0.009766
0 0.378906 0.511230 0.014063 0.006836
0 0.169922 0.530762 0.030469 0.014648
1 0.742969 0.475098 0.048438 0.036133
0 0.089453 0.533203 0.017969 0.007812
0 0.275391 0.522461 0.024219 0.013672
0 0.230469 0.534668 0.034375 0.022461
0 0.193359 0.524902 0.016406 0.008789
0 0.366016 0.512207 0.014844 0.006836
0 0.138281 0.533691 0.029687 0.014648
