0 0.159375 0.517578 0.017188 0.007812
0 0.076172 0.521484 0.021094 0.007812
0 0.466406 0.496582 0.014063 0.006836
0 0.121094 0.516602 0.015625 0.007812
0 0.060547 0.536133 0.121094 0.060547
0 0.355859 0.505371 0.011719 0.004883
0 0.392188 0.503906 0.012500 0.005859
0 0.296875 0.516602 0.021875 0.015625
0 0.337109 0.505371 0.011719 0.004883
0 0.273828 0.513184 0.017969 0.010742
0 0.189844 0.519043 0.032813 0.012695
0 0.308203 0.508301 0.013281 0.004883
0 0.446484 0.499512 0.016406 0.008789
1 0.910937 0.486328 0.051562 0.019531
0 0.301563 0.512207 0.015625 0.010742
0 0.206641 0.519043 0.027344 0.012695
0 0.352734 0.506836 0.013281 0.005859
0 0.002344 0.525879 0.004687 0.010742
0 0.213281 0.513672 0.014063 0.007812
0 0.129688 0.516602 0.015625 0.007812
0 0.032813 0.523926 0.029687 0.010742
0 0.200000 0.517090 0.018750 0.010742
0 0.092969 0.520508 0.018750 0.007812
0 0.218750 0.516602 0.021875 0.011719
1 0.083203 0.519043 0.042969 0.016602
0 0.128516 0.518066 0.019531 0.008789
0 0.514844 0.499512 0.021875 0.010742
0 0.301563 0.517090 0.023438 0.014648
0 0.312500 0.511719 0.017188 0.009766
0 0.329297 0.507324 0.013281 0.004883
0 0.246875 0.523926 0.034375 0.018555
0 0.148047 0.517578 0.017969 0.007812
0 0.371094 0.505859 0.012500 0.005859
0 0.155859 0.517578 0.017969 0.007812
0 0.083203 0.520508 0.025781 0.009766
1 0.746094 0.491211 0.028125 0.015625
0 0.330859 0.505859 0.011719 0.005859
1 0.657813 0.492676 0.018750 0.012695
0 0.093750 0.519043 0.021875 0.008789
1 0.283594 0.515137 0.104688 0.041992
0 0.314844 0.507324 0.012500 0.004883
0 0.236719 0.515137 0.012500 0.006836
0 0.129297 0.520020 0.025781 0.010742
0 0.437109 0.501465 0.019531 0.008789
0 0.122266 0.520020 0.021094 0.008789
1 0.026172 0.578125 0.052344 0.191406
0 0.452344 0.498047 0.018750 0.007812
0 0.077344 0.523926 0.020313 0.008789
0 0.226562 0.516113 0.020313 0.010742
0 0.299609 0.512207 0.017969 0.010742
0 0.300391 0.518066 0.022656 0.014648
0 0.374609 0.508301 0.013281 0.010742
0 0.982422 0.487305 0.033594 0.015625
0 0.434766 0.502930 0.025781 0.011719
0 0.359766 0.510254 0.013281 0.010742
0 0.958594 0.487305 0.042188 0.015625
0 0.083594 0.523438 0.028125 0.011719
0 0.137500 0.517578 0.018750 0.007812
0 0.553125 0.498535 0.012500 0.008789
0 0.262891 0.511230 0.014844 0.008789
0 0.380078 0.505371 0.011719 0.004883
0 0.234375 0.515137 0.020313 0.010742
0 0.065234 0.549316 0.130469 0.073242
1 0.669141 0.485840 0.028906 0.026367
0 0.133984 0.517578 0.016406 0.005859
0 0.317578 0.511230 0.016406 0.010742
0 0.042969 0.520508 0.028125 0.009766
0 0.308984 0.517090 0.017969 0.014648
0 0.224219 0.512207 0.012500 0.006836
0 0.993750 0.487305 0.010937 0.015625
0 0.369531 0.505859 0.012500 0.005859
0 0.050000 0.524414 0.029687 0.011719
0 0.208594 0.517090 0.020313 0.010742
