0 0.233984 0.520508 0.011719 0.005859
0 0.174219 0.524902 0.014063 0.006836
0 0.196875 0.521484 0.012500 0.005859
1 0.389062 0.513184 0.042188 0.018555
0 0.423438 0.506836 0.023438 0.011719
0 0.894531 0.480469 0.029687 0.011719
0 0.379688 0.507324 0.009375 0.004883
0 0.962109 0.477539 0.036719 0.013672
0 0.921094 0.479980 0.026562 0.010742
0 0.369531 0.512695 0.062500 0.031250
0 0.411328 0.505371 0.010156 0.004883
0 0.373437 0.513672 0.010937 0.009766
0 0.363672 0.507812 0.010156 0.003906
0 0.988281 0.475586 0.021875 0.009766
0 0.340625 0.513672 0.010937 0.007812
0 0.289453 0.518555 0.021094 0.007812
0 0.341406 0.510742 0.010937 0.003906
1 0.771094 0.484375 0.031250 0.011719
0 0.355859 0.512695 0.010156 0.007812
0 0.300781 0.518066 0.017188 0.008789
0 0.378906 0.508789 0.010937 0.003906
0 0.137500 0.527832 0.017188 0.006836
0 0.273047 0.516602 0.010156 0.005859
0 0.958984 0.477051 0.028906 0.010742
0 0.203906 0.520508 0.012500 0.005859
0 0.167187 0.525391 0.017188 0.007812
0 0.285156 0.517578 0.010937 0.007812
0 0.181641 0.523926 0.013281 0.006836
0 0.300391 0.517090 0.013281 0.008789
1 0.214453 0.520508 0.027344 0.011719
0 0.214062 0.520996 0.012500 0.006836
0 0.525781 0.505859 0.037500 0.017578
1 0.860547 0.480957 0.030469 0.012695
0 0.375000 0.514648 0.012500 0.009766
0 0.889844 0.481445 0.026562 0.009766
0 0.367188 0.511719 0.010937 0.007812
0 0.358984 0.509766 0.010156 0.003906
0 0.350391 0.518066 0.016406 0.010742
0 0.226562 0.520508 0.012500 0.005859
0 0.400391 0.510254 0.039844 0.020508
0 0.394141 0.507324 0.010156 0.004883
1 0.992188 0.495605 0.014063 0.049805
0 0.410938 0.513672 0.048438 0.023438
0 0.235937 0.520020 0.012500 0.006836
0 0.194141 0.522949 0.014844 0.006836
1 0.668359 0.489746 0.014844 0.010742
0 0.358984 0.508301 0.010156 0.004883
0 0.979688 0.476562 0.037500 0.013672
0 0.338672 0.518555 0.057031 0.025391
1 0.616406 0.491699 0.010937 0.008789
0 0.882812 0.480469 0.034375 0.013672
0 0.192188 0.521973 0.014063 0.006836
0 0.672266 0.520020 0.088281 0.059570
0 0.346875 0.510254 0.010937 0.004883
0 0.978125 0.496582 0.042188 0.040039
0 0.291797 0.517090 0.008594 0.004883
0 0.235547 0.521484 0.014844 0.007812
0 0.216797 0.521973 0.013281 0.006836
1 0.444922 0.506348 0.039844 0.016602
0 0.992188 0.475586 0.014063 0.015625
0 0.172266 0.526855 0.013281 0.006836
0 0.304297 0.516602 0.013281 0.007812
0 0.358984 0.512695 0.010156 0.007812
0 0.372266 0.514648 0.011719 0.009766
0 0.409766 0.508789 0.008594 0.007812
0 0.141797 0.537109 0.036719 0.017578
0 0.821484 0.483398 0.025781 0.009766
0 0.400781 0.509766 0.007812 0.007812
0 0.978906 0.476562 0.031250 0.011719
0 0.801562 0.484375 0.025000 0.009766
0 0.917578 0.479492 0.030469 0.011719
0 0.205469 0.523926 0.015625 0.008789
0 0.219531 0.520996 0.012500 0.006836
0 0.542969 0.497559 0.009375 0.006836
0 0.991016 0.475586 0.016406 0.013672
0 0.317969 0.513184 0.009375 0.006836
0 0.401172 0.506836 0.010156 0.003906
0 0.308594 0.515625 0.012500 0.007812
1 0.625781 0.486816 0.017188 0.018555
0 0.207813 0.521484 0.012500 0.005859
0 0.369531 0.511230 0.010937 0.006836
0 0.995703 0.475586 0.007031 0.011719
0 0.161328 0.523926 0.017969 0.006836
0 0.376563 0.514648 0.009375 0.009766
0 0.279687 0.515625 0.009375 0.005859
0 0.834375 0.482910 0.026562 0.010742
0 0.393359 0.507324 0.010156 0.004883
0 0.176953 0.525879 0.016406 0.008789
0 0.844141 0.481934 0.035156 0.018555
0 0.289062 0.517578 0.012500 0.007812
