0 0.063672 0.544434 0.027344 0.010742
0 0.437500 0.507812 0.034375 0.015625
0 0.032813 0.542969 0.018750 0.009766
0 0.341016 0.516602 0.014844 0.005859
0 0.382812 0.513184 0.015625 0.006836
0 0.077734 0.558105 0.077344 0.038086
0 0.319141 0.517578 0.014844 0.005859
0 0.155469 0.538574 0.037500 0.018555
0 0.003906 0.558105 0.007812 0.022461
0 0.280859 0.522949 0.016406 0.006836
0 0.357422 0.516113 0.046094 0.022461
0 0.218359 0.533691 0.028906 0.016602
0 0.014453 0.556152 0.028906 0.022461
0 0.334375 0.519043 0.015625 0.006836
0 0.142578 0.535156 0.021094 0.009766
0 0.043359 0.542969 0.019531 0.009766
0 0.051562 0.548340 0.039062 0.018555
0 0.071094 0.546875 0.045312 0.019531
0 0.014844 0.547363 0.029687 0.012695
0 0.533594 0.498535 0.018750 0.008789
0 0.105078 0.555664 0.072656 0.035156
0 0.219922 0.533691 0.033594 0.018555
0 0.305859 0.520996 0.016406 0.006836
0 0.046094 0.544922 0.028125 0.011719
0 0.357812 0.517090 0.015625 0.006836
0 0.045312 0.545410 0.029687 0.012695
1 0.981250 0.468262 0.035937 0.034180
0 0.311328 0.518066 0.014844 0.006836
1 0.775000 0.482910 0.042188 0.022461
0 0.289062 0.520996 0.015625 0.006836
0 0.172656 0.536133 0.020313 0.009766
0 0.276172 0.528809 0.074219 0.030273
0 0.406641 0.509277 0.039844 0.016602
0 0.090625 0.544922 0.042188 0.017578
0 0.194531 0.535645 0.035937 0.018555
0 0.116406 0.555664 0.067187 0.033203
0 0.326172 0.523926 0.022656 0.016602
0 0.295703 0.529297 0.025781 0.017578
0 0.028906 0.545898 0.029687 0.011719
0 0.592578 0.499023 0.017969 0.013672
0 0.191406 0.531250 0.023438 0.011719
0 0.367969 0.516113 0.015625 0.006836
0 0.108984 0.542969 0.038281 0.017578
1 0.786719 0.470703 0.065625 0.044922
0 0.047266 0.543457 0.019531 0.008789
0 0.232422 0.531738 0.032031 0.016602
0 0.144531 0.552246 0.054688 0.030273
0 0.162109 0.533203 0.019531 0.009766
0 0.354297 0.517090 0.016406 0.006836
0 0.073438 0.546875 0.039062 0.017578
