0 0.178906 0.510742 0.015625 0.007812
0 0.101953 0.513672 0.019531 0.007812
0 0.140234 0.509277 0.014844 0.006836
0 0.252734 0.513184 0.075781 0.034180
0 0.362500 0.499512 0.010937 0.004883
0 0.398047 0.498047 0.011719 0.005859
0 0.319922 0.509766 0.017969 0.013672
0 0.344922 0.499512 0.011719 0.004883
0 0.292578 0.505859 0.016406 0.009766
0 0.217578 0.511719 0.028906 0.011719
0 0.317188 0.501953 0.012500 0.005859
0 0.455859 0.493164 0.014844 0.007812
1 0.875781 0.483398 0.046875 0.017578
0 0.316406 0.505371 0.014063 0.008789
0 0.233203 0.511230 0.024219 0.010742
0 0.360156 0.500977 0.012500 0.005859
0 0.089844 0.530762 0.121875 0.047852
0 0.030859 0.517578 0.022656 0.009766
0 0.228906 0.506836 0.012500 0.005859
0 0.148828 0.509277 0.014844 0.006836
0 0.069141 0.515625 0.025781 0.009766
0 0.223047 0.509766 0.016406 0.009766
0 0.116016 0.513184 0.017969 0.006836
0 0.241016 0.509766 0.019531 0.009766
1 0.119141 0.511230 0.038281 0.014648
0 0.150781 0.510742 0.017188 0.007812
0 0.516016 0.494629 0.022656 0.010742
0 0.323047 0.509766 0.019531 0.013672
0 0.327734 0.504883 0.014844 0.009766
0 0.337500 0.501465 0.012500 0.004883
0 0.277734 0.515137 0.028906 0.016602
0 0.168359 0.510254 0.016406 0.006836
0 0.377734 0.500000 0.011719 0.005859
0 0.176172 0.510742 0.016406 0.007812
0 0.112891 0.513184 0.022656 0.008789
1 0.727734 0.487305 0.024219 0.013672
0 0.338672 0.499512 0.011719 0.004883
1 0.648828 0.488281 0.016406 0.011719
0 0.119531 0.511230 0.020313 0.008789
1 0.376563 0.502441 0.062500 0.026367
0 0.323437 0.501465 0.012500 0.004883
0 0.251172 0.508301 0.011719 0.006836
0 0.158203 0.512695 0.022656 0.009766
0 0.448437 0.495117 0.017188 0.007812
0 0.146875 0.512207 0.018750 0.008789
1 0.194141 0.525879 0.213281 0.077148
0 0.459766 0.492188 0.016406 0.007812
0 0.101562 0.516602 0.018750 0.007812
0 0.247656 0.508789 0.018750 0.009766
0 0.316406 0.505859 0.015625 0.009766
0 0.321484 0.510254 0.019531 0.012695
0 0.384766 0.501953 0.011719 0.009766
0 0.946484 0.483887 0.039844 0.014648
0 0.454688 0.495605 0.020313 0.008789
0 0.371875 0.503906 0.012500 0.009766
0 0.919141 0.484375 0.038281 0.013672
0 0.116406 0.515137 0.025000 0.010742
0 0.158594 0.510742 0.017188 0.007812
0 0.552734 0.493652 0.011719 0.008789
0 0.277734 0.504883 0.013281 0.007812
0 0.386328 0.499512 0.011719 0.004883
0 0.254297 0.508301 0.017969 0.008789
0 0.289453 0.516113 0.086719 0.032227
1 0.660156 0.481934 0.026562 0.024414
0 0.152734 0.510742 0.014844 0.005859
0 0.332031 0.504395 0.014063 0.008789
0 0.074219 0.513184 0.025000 0.008789
0 0.328125 0.510254 0.015625 0.012695
0 0.238672 0.505859 0.011719 0.005859
0 0.966797 0.483887 0.041406 0.014648
0 0.376563 0.500000 0.012500 0.005859
0 0.083984 0.516602 0.025781 0.009766
0 0.230078 0.509766 0.017969 0.009766
