0 0.195703 0.514160 0.014844 0.006836
0 0.123047 0.515625 0.017969 0.007812
0 0.157812 0.512207 0.014063 0.006836
0 0.317578 0.514160 0.055469 0.026367
0 0.370312 0.505371 0.010937 0.004883
0 0.405469 0.504883 0.010937 0.005859
0 0.336328 0.514160 0.016406 0.012695
0 0.353125 0.505371 0.010937 0.004883
0 0.307422 0.510742 0.014844 0.009766
0 0.238281 0.515137 0.026562 0.010742
0 0.326562 0.507324 0.012500 0.004883
0 0.464453 0.500488 0.013281 0.006836
1 0.859766 0.498047 0.042969 0.015625
0 0.329297 0.511230 0.013281 0.008789
0 0.252734 0.515137 0.022656 0.010742
0 0.368359 0.507324 0.011719 0.004883
0 0.233984 0.522461 0.083594 0.033203
0 0.060156 0.518066 0.021875 0.008789
0 0.242969 0.510742 0.012500 0.005859
0 0.165625 0.512207 0.014063 0.006836
0 0.096484 0.516602 0.024219 0.009766
0 0.241406 0.513672 0.015625 0.009766
0 0.135547 0.515137 0.016406 0.006836
0 0.258203 0.513672 0.017969 0.009766
1 0.146094 0.513184 0.035937 0.014648
0 0.169922 0.513672 0.016406 0.007812
0 0.521094 0.504395 0.023438 0.010742
0 0.168359 0.527344 0.132031 0.050781
1 0.991797 0.499023 0.014844 0.017578
0 0.339453 0.515137 0.017969 0.012695
0 0.340625 0.510254 0.014063 0.008789
0 0.346484 0.507324 0.011719 0.004883
0 0.299609 0.518555 0.025781 0.015625
0 0.185938 0.513184 0.015625 0.006836
0 0.385547 0.506348 0.011719 0.004883
0 0.114844 0.543457 0.229687 0.102539
0 0.194141 0.513672 0.014844 0.007812
0 0.135547 0.515137 0.021094 0.008789
1 0.720313 0.500000 0.023438 0.013672
0 0.347266 0.505371 0.011719 0.004883
1 0.647266 0.499512 0.014844 0.010742
0 0.140625 0.513672 0.018750 0.007812
1 0.415625 0.507324 0.048438 0.020508
0 0.332813 0.507324 0.012500 0.004883
0 0.264453 0.512207 0.011719 0.006836
0 0.180078 0.514648 0.021094 0.009766
0 0.458594 0.502441 0.015625 0.006836
0 0.167187 0.514648 0.017188 0.007812
1 0.298047 0.520996 0.139844 0.051758
0 0.467578 0.499512 0.014844 0.006836
0 0.122266 0.518066 0.017969 0.006836
0 0.264844 0.512695 0.017188 0.009766
0 0.329688 0.510742 0.014063 0.009766
0 0.337109 0.515137 0.017969 0.012695
0 0.394531 0.508789 0.010937 0.009766
0 0.926562 0.499512 0.037500 0.012695
0 0.467969 0.501953 0.017188 0.007812
0 0.382812 0.510254 0.010937 0.008789
0 0.900391 0.499512 0.035156 0.012695
0 0.141406 0.517090 0.021875 0.010742
0 0.176953 0.513184 0.016406 0.006836
0 0.555078 0.502441 0.011719 0.008789
0 0.290625 0.509277 0.012500 0.006836
0 0.393750 0.506348 0.010937 0.004883
0 0.270703 0.512695 0.016406 0.009766
0 0.361328 0.515137 0.058594 0.022461
1 0.658203 0.494141 0.024219 0.023438
0 0.169922 0.513184 0.014844 0.006836
0 0.344531 0.510254 0.014063 0.008789
0 0.099219 0.514160 0.023438 0.008789
0 0.343750 0.514648 0.014063 0.011719
0 0.251953 0.510254 0.011719 0.006836
0 0.945703 0.500000 0.038281 0.013672
0 0.383984 0.506348 0.011719 0.004883
0 0.110156 0.517578 0.023438 0.009766
0 0.247656 0.513672 0.017188 0.009766
