0 0.234766 0.519531 0.011719 0.005859
0 0.174609 0.523438 0.013281 0.005859
0 0.197656 0.519531 0.012500 0.005859
1 0.383984 0.512695 0.044531 0.019531
0 0.421875 0.506836 0.025000 0.011719
0 0.901953 0.481445 0.030469 0.011719
0 0.381250 0.506836 0.009375 0.003906
0 0.972266 0.478516 0.038281 0.013672
0 0.929297 0.480957 0.027344 0.010742
0 0.360547 0.512695 0.067969 0.033203
0 0.412891 0.504395 0.010156 0.004883
0 0.374219 0.513184 0.010937 0.010742
0 0.365234 0.507324 0.010156 0.004883
0 0.992578 0.476562 0.013281 0.009766
0 0.341406 0.512695 0.010937 0.007812
0 0.289453 0.517578 0.021094 0.007812
0 0.342969 0.509766 0.010937 0.003906
1 0.776172 0.484863 0.032031 0.012695
0 0.356641 0.511719 0.010156 0.007812
0 0.301563 0.517090 0.017188 0.008789
0 0.380469 0.508301 0.010937 0.004883
0 0.137500 0.526367 0.017188 0.007812
0 0.273828 0.515625 0.010156 0.005859
0 0.967578 0.478027 0.030469 0.010742
0 0.204687 0.519531 0.012500 0.005859
0 0.167187 0.523926 0.017188 0.008789
0 0.285156 0.516602 0.010937 0.007812
0 0.182422 0.522461 0.013281 0.005859
0 0.300391 0.516113 0.013281 0.008789
1 0.214453 0.519043 0.027344 0.010742
0 0.214844 0.520020 0.012500 0.006836
0 0.523047 0.504883 0.033594 0.015625
0 0.417187 0.509277 0.032813 0.014648
1 0.867969 0.481934 0.031250 0.012695
0 0.375781 0.513672 0.012500 0.009766
0 0.896875 0.481934 0.026562 0.010742
0 0.367969 0.510742 0.010937 0.007812
0 0.360547 0.508789 0.010156 0.003906
0 0.351172 0.517578 0.016406 0.011719
0 0.227344 0.519531 0.012500 0.005859
0 0.396094 0.510742 0.042188 0.021484
0 0.395703 0.506348 0.010156 0.004883
0 0.407422 0.513672 0.052344 0.025391
0 0.236719 0.519043 0.012500 0.006836
0 0.349219 0.513184 0.046875 0.020508
0 0.194531 0.521484 0.015625 0.007812
1 0.671875 0.489746 0.015625 0.010742
0 0.360156 0.507324 0.009375 0.004883
0 0.985156 0.477539 0.028125 0.013672
0 0.323437 0.519531 0.064062 0.027344
1 0.619141 0.491699 0.011719 0.008789
0 0.891406 0.481445 0.035937 0.013672
0 0.192188 0.520996 0.014063 0.006836
0 0.829688 0.521484 0.075000 0.074219
0 0.348438 0.509277 0.010937 0.004883
0 0.975781 0.498535 0.046875 0.041992
0 0.292969 0.515625 0.009375 0.005859
0 0.235937 0.520020 0.015625 0.008789
0 0.216797 0.520996 0.013281 0.006836
1 0.440625 0.506836 0.043750 0.017578
0 0.173047 0.525391 0.013281 0.005859
0 0.304688 0.515625 0.012500 0.007812
0 0.359766 0.511719 0.010156 0.007812
0 0.372656 0.514648 0.012500 0.009766
0 0.411328 0.507812 0.008594 0.007812
0 0.137891 0.536133 0.038281 0.017578
0 0.827344 0.483887 0.026562 0.010742
0 0.401953 0.509766 0.008594 0.007812
0 0.985547 0.478027 0.027344 0.012695
0 0.807422 0.484863 0.025781 0.010742
0 0.925781 0.480469 0.031250 0.011719
0 0.205469 0.522949 0.015625 0.008789
0 0.220312 0.519531 0.012500 0.005859
0 0.545312 0.497559 0.009375 0.006836
0 0.996094 0.476562 0.006250 0.013672
0 0.319141 0.512207 0.010156 0.006836
0 0.402734 0.506348 0.010156 0.004883
0 0.308984 0.514648 0.011719 0.007812
0 0.463281 0.502441 0.020313 0.008789
1 0.628906 0.486816 0.018750 0.018555
0 0.208984 0.520020 0.013281 0.004883
0 0.370703 0.510742 0.010156 0.007812
0 0.161328 0.522461 0.017969 0.007812
0 0.376953 0.513672 0.010156 0.009766
0 0.280469 0.514648 0.009375 0.005859
0 0.841016 0.483887 0.027344 0.010742
0 0.394531 0.506348 0.010937 0.004883
0 0.177344 0.524414 0.017188 0.007812
0 0.852344 0.481934 0.035937 0.018555
0 0.289453 0.516602 0.013281 0.007812
