0 0.128125 0.525879 0.020313 0.008789
0 0.032422 0.532227 0.025781 0.009766
0 0.467187 0.497559 0.018750 0.008789
0 0.091406 0.524902 0.017188 0.008789
0 0.352734 0.507324 0.013281 0.004883
0 0.391797 0.504883 0.013281 0.005859
0 0.241406 0.525879 0.032813 0.020508
0 0.332813 0.507812 0.012500 0.005859
0 0.238281 0.519043 0.023438 0.012695
0 0.127344 0.529297 0.040625 0.015625
0 0.300781 0.511719 0.014063 0.005859
0 0.430469 0.500977 0.023438 0.011719
0 0.276172 0.517578 0.019531 0.011719
0 0.146875 0.528320 0.034375 0.015625
0 0.348438 0.509277 0.014063 0.006836
0 0.190234 0.519531 0.016406 0.007812
0 0.100781 0.524414 0.017188 0.007812
0 0.153906 0.525879 0.025000 0.012695
0 0.055078 0.529785 0.022656 0.008789
0 0.173437 0.524414 0.028125 0.013672
1 0.013672 0.531738 0.027344 0.020508
0 0.090625 0.526855 0.023438 0.008789
0 0.525391 0.495117 0.019531 0.009766
0 0.250781 0.525879 0.034375 0.020508
0 0.285156 0.517090 0.021875 0.012695
0 0.323437 0.509766 0.014063 0.005859
0 0.157812 0.538086 0.056250 0.027344
0 0.114453 0.525879 0.021094 0.008789
0 0.368750 0.507812 0.014063 0.005859
0 0.119531 0.526367 0.021875 0.009766
0 0.025391 0.532227 0.032031 0.011719
1 0.824219 0.480957 0.043750 0.020508
0 0.326172 0.508301 0.013281 0.004883
1 0.698438 0.486328 0.025000 0.015625
0 0.047656 0.528809 0.026562 0.010742
0 0.307812 0.510742 0.014063 0.005859
0 0.216406 0.520508 0.015625 0.007812
0 0.070312 0.530762 0.034375 0.012695
0 0.410938 0.504395 0.029687 0.012695
0 0.076172 0.529785 0.025781 0.010742
0 0.442578 0.498535 0.024219 0.010742
0 0.035937 0.534668 0.025000 0.008789
0 0.184766 0.523926 0.027344 0.012695
0 0.268359 0.517578 0.022656 0.013672
0 0.251563 0.526367 0.032813 0.019531
0 0.361328 0.511230 0.016406 0.012695
0 0.333203 0.514648 0.064844 0.027344
0 0.341406 0.514160 0.017188 0.012695
0 0.016406 0.535645 0.032813 0.014648
0 0.101953 0.526367 0.022656 0.009766
0 0.569922 0.495605 0.014844 0.010742
0 0.240625 0.516113 0.017188 0.008789
0 0.378516 0.506836 0.013281 0.005859
0 0.195703 0.522949 0.025781 0.012695
1 0.710547 0.477051 0.039844 0.032227
0 0.105469 0.525879 0.017188 0.006836
0 0.291797 0.515625 0.021094 0.011719
0 0.264453 0.524902 0.027344 0.018555
0 0.204297 0.518555 0.014844 0.007812
0 0.366406 0.507812 0.014063 0.005859
0 0.166016 0.524902 0.025781 0.012695
